
                        S T E P       1


                                INCREMENT     1


 forces (fx,fy,fz) for set RIGHT and time  0.5000000E-01

        17  1.641420E+00 -6.632186E-11 -3.318221E-10
        18  1.641420E+00  6.632184E-11 -3.318221E-10
        19  1.641420E+00  6.632212E-11  3.318207E-10
        20  1.641420E+00 -6.632185E-11  3.318212E-10

 displacements (vx,vy,vz) for set RIGHT and time  0.5000000E-01

        17  1.000000E-02  4.992680E-04  9.958267E-05
        18  1.000000E-02 -4.992680E-04  9.958267E-05
        19  1.000000E-02 -4.992680E-04 -9.958267E-05
        20  1.000000E-02  4.992680E-04 -9.958267E-05

 stresses (elem, integ.pnt.,sxx,syy,szz,sxy,sxz,syz) for set ALL and time  0.5000000E-01

         1   1  1.677992E+00  8.427970E-01  8.371721E-01  5.575209E-02  1.191889E-02  1.462551E-06
         1   2  9.487649E-01 -1.084813E-01 -1.294310E-01  5.570778E-02  1.190922E-02  1.461963E-06
         1   3  1.677992E+00  8.427970E-01  8.371721E-01 -5.575209E-02  1.191889E-02 -1.462551E-06
         1   4  9.487649E-01 -1.084813E-01 -1.294310E-01 -5.570778E-02  1.190922E-02 -1.461963E-06
         1   5  1.677992E+00  8.427970E-01  8.371721E-01  5.575209E-02 -1.191889E-02 -1.462551E-06
         1   6  9.487649E-01 -1.084813E-01 -1.294310E-01  5.570778E-02 -1.190922E-02 -1.461963E-06
         1   7  1.677992E+00  8.427970E-01  8.371721E-01 -5.575209E-02 -1.191889E-02  1.462551E-06
         1   8  9.487649E-01 -1.084813E-01 -1.294310E-01 -5.570778E-02 -1.190922E-02  1.461963E-06
         2   1  1.275746E+00 -7.734294E-02 -9.649305E-02 -3.463631E-03 -1.706038E-03  1.301279E-08
         2   2  1.351622E+00  1.228038E-02  1.335152E-02 -3.463882E-03 -1.706199E-03  1.301333E-08
         2   3  1.275746E+00 -7.734294E-02 -9.649305E-02  3.463631E-03 -1.706038E-03 -1.301279E-08
         2   4  1.351622E+00  1.228038E-02  1.335152E-02  3.463882E-03 -1.706199E-03 -1.301333E-08
         2   5  1.275746E+00 -7.734294E-02 -9.649305E-02 -3.463631E-03  1.706038E-03 -1.301279E-08
         2   6  1.351622E+00  1.228038E-02  1.335152E-02 -3.463882E-03  1.706199E-03 -1.301333E-08
         2   7  1.275746E+00 -7.734294E-02 -9.649305E-02  3.463631E-03  1.706038E-03  1.301279E-08
         2   8  1.351622E+00  1.228038E-02  1.335152E-02  3.463882E-03  1.706199E-03  1.301333E-08
         3   1  1.317858E+00  6.405182E-03  1.261783E-02 -1.097249E-04  2.875789E-04 -6.948445E-11
         3   2  1.309456E+00 -1.550287E-03 -1.514718E-03 -1.097243E-04  2.875752E-04 -6.948408E-11
         3   3  1.317858E+00  6.405182E-03  1.261783E-02  1.097249E-04  2.875789E-04  6.948453E-11
         3   4  1.309456E+00 -1.550287E-03 -1.514718E-03  1.097243E-04  2.875752E-04  6.948415E-11
         3   5  1.317858E+00  6.405182E-03  1.261783E-02 -1.097249E-04 -2.875789E-04  6.948443E-11
         3   6  1.309456E+00 -1.550287E-03 -1.514718E-03 -1.097243E-04 -2.875752E-04  6.948416E-11
         3   7  1.317858E+00  6.405182E-03  1.261783E-02  1.097249E-04 -2.875789E-04 -6.948438E-11
         3   8  1.309456E+00 -1.550287E-03 -1.514718E-03  1.097243E-04 -2.875752E-04 -6.948408E-11
         4   1  1.313074E+00 -4.044719E-04 -1.952269E-03  1.392776E-04 -6.490326E-05 -1.990564E-11
         4   2  1.314246E+00  2.102623E-04  5.136136E-04  1.392776E-04 -6.490341E-05 -1.990570E-11
         4   3  1.313074E+00 -4.044719E-04 -1.952269E-03 -1.392776E-04 -6.490326E-05  1.990564E-11
         4   4  1.314246E+00  2.102623E-04  5.136136E-04 -1.392776E-04 -6.490341E-05  1.990570E-11
         4   5  1.313074E+00 -4.044719E-04 -1.952269E-03  1.392776E-04  6.490326E-05  1.990563E-11
         4   6  1.314246E+00  2.102623E-04  5.136136E-04  1.392776E-04  6.490341E-05  1.990560E-11
         4   7  1.313074E+00 -4.044719E-04 -1.952269E-03 -1.392776E-04  6.490326E-05 -1.990558E-11
         4   8  1.314246E+00  2.102623E-04  5.136136E-04 -1.392776E-04  6.490341E-05 -1.990554E-11

 strains (elem, integ.pnt.,exx,eyy,ezz,exy,exz,eyz) for set ALL and time  0.5000000E-01

         1   1  4.153955E-04 -4.497352E-05 -4.807328E-05  3.071680E-05  6.566774E-06  1.693412E-21
         1   2  4.153955E-04 -1.678332E-04 -1.794001E-04  3.071302E-05  6.565911E-06  9.942934E-21
         1   3  4.153955E-04 -4.497352E-05 -4.807328E-05 -3.071680E-05  6.566774E-06  3.387402E-21
         1   4  4.153955E-04 -1.678332E-04 -1.794001E-04 -3.071302E-05  6.565911E-06 -1.038244E-20
         1   5  4.153955E-04 -4.497352E-05 -4.807328E-05  3.071680E-05 -6.566774E-06  4.229290E-22
         1   6  4.153955E-04 -1.678332E-04 -1.794001E-04  3.071302E-05 -6.565911E-06  8.389631E-22
         1   7  4.153955E-04 -4.497352E-05 -4.807328E-05 -3.071680E-05 -6.566774E-06  4.229290E-22
         1   8  4.153955E-04 -1.678332E-04 -1.794001E-04 -3.071302E-05 -6.565911E-06 -2.033330E-20
         2   1  5.362424E-04 -2.100044E-04 -2.205820E-04 -1.908816E-06 -9.402115E-07  3.587410E-21
         2   2  5.362424E-04 -2.023692E-04 -2.017776E-04 -1.908830E-06 -9.402292E-07 -4.233284E-21
         2   3  5.362424E-04 -2.100044E-04 -2.205820E-04  1.908816E-06 -9.402115E-07 -3.187430E-21
         2   4  5.362424E-04 -2.023692E-04 -2.017776E-04  1.908830E-06 -9.402292E-07  2.541608E-21
         2   5  5.362424E-04 -2.100044E-04 -2.205820E-04 -1.908816E-06  9.402115E-07 -1.102076E-20
         2   6  5.362424E-04 -2.023692E-04 -2.017776E-04 -1.908830E-06  9.402292E-07 -1.904414E-21
         2   7  5.362424E-04 -2.100044E-04 -2.205820E-04  1.908816E-06  9.402115E-07 -1.186760E-20
         2   8  5.362424E-04 -2.023692E-04 -2.017776E-04  1.908830E-06  9.402292E-07  3.747465E-20
         3   1  5.237660E-04 -1.994859E-04 -1.960548E-04 -6.046835E-08  1.584814E-07 -8.249208E-21
         3   2  5.237660E-04 -1.992440E-04 -1.992244E-04 -6.046837E-08  1.584809E-07  1.910743E-20
         3   3  5.237660E-04 -1.994859E-04 -1.960548E-04  6.046835E-08  1.584814E-07  5.208985E-20
         3   4  5.237660E-04 -1.992440E-04 -1.992244E-04  6.046837E-08  1.584809E-07  2.027187E-20
         3   5  5.237660E-04 -1.994859E-04 -1.960548E-04 -6.046835E-08 -1.584814E-07 -8.391230E-22
         3   6  5.237660E-04 -1.992440E-04 -1.992244E-04 -6.046837E-08 -1.584809E-07  2.371226E-20
         3   7  5.237660E-04 -1.994859E-04 -1.960548E-04  6.046835E-08 -1.584814E-07  3.218857E-20
         3   8  5.237660E-04 -1.992440E-04 -1.992244E-04  6.046837E-08 -1.584809E-07  2.032480E-20
         4   1  5.251029E-04 -1.992679E-04 -2.001227E-04  7.675462E-08 -3.576764E-08 -6.777677E-21
         4   2  5.251029E-04 -1.995749E-04 -1.994073E-04  7.675460E-08 -3.576766E-08 -3.567365E-20
         4   3  5.251029E-04 -1.992679E-04 -2.001227E-04 -7.675462E-08 -3.576764E-08  6.772150E-21
         4   4  5.251029E-04 -1.995749E-04 -1.994073E-04 -7.675460E-08 -3.576766E-08  3.318697E-20
         4   5  5.251029E-04 -1.992679E-04 -2.001227E-04  7.675462E-08  3.576764E-08  4.231542E-21
         4   6  5.251029E-04 -1.995749E-04 -1.994073E-04  7.675460E-08  3.576766E-08 -1.863051E-20
         4   7  5.251029E-04 -1.992679E-04 -2.001227E-04 -7.675462E-08  3.576764E-08  2.540314E-20
         4   8  5.251029E-04 -1.995749E-04 -1.994073E-04 -7.675460E-08  3.576766E-08  5.271778E-20

                                INCREMENT     2


 forces (fx,fy,fz) for set RIGHT and time  0.1000000E+00

        17  3.285323E+00 -5.862520E-16  5.498084E-15
        18  3.285323E+00 -6.836685E-16  2.502135E-15
        19  3.285323E+00  4.617927E-17  1.424645E-15
        20  3.285323E+00  9.085628E-16 -3.990637E-15

 displacements (vx,vy,vz) for set RIGHT and time  0.1000000E+00

        17  2.000000E-02  9.988682E-04  1.992310E-04
        18  2.000000E-02 -9.988682E-04  1.992310E-04
        19  2.000000E-02 -9.988682E-04 -1.992310E-04
        20  2.000000E-02  9.988682E-04 -1.992310E-04

 stresses (elem, integ.pnt.,sxx,syy,szz,sxy,sxz,syz) for set ALL and time  0.1000000E+00

         1   1  3.358789E+00  1.685459E+00  1.674170E+00  1.117484E-01  2.389219E-02  5.857700E-06
         1   2  1.899673E+00 -2.168205E-01 -2.587807E-01  1.115711E-01  2.385347E-02  5.852995E-06
         1   3  3.358789E+00  1.685459E+00  1.674170E+00 -1.117484E-01  2.389219E-02 -5.857700E-06
         1   4  1.899673E+00 -2.168205E-01 -2.587807E-01 -1.115711E-01  2.385347E-02 -5.852995E-06
         1   5  3.358789E+00  1.685459E+00  1.674170E+00  1.117484E-01 -2.389219E-02 -5.857700E-06
         1   6  1.899673E+00 -2.168205E-01 -2.587807E-01  1.115711E-01 -2.385347E-02 -5.852995E-06
         1   7  3.358789E+00  1.685459E+00  1.674170E+00 -1.117484E-01 -2.389219E-02  5.857700E-06
         1   8  1.899673E+00 -2.168205E-01 -2.587807E-01 -1.115711E-01 -2.385347E-02  5.852995E-06
         2   1  2.554482E+00 -1.547148E-01 -1.930541E-01 -6.939377E-03 -3.421026E-03  5.214088E-08
         2   2  2.706424E+00  2.455549E-02  2.669884E-02 -6.940382E-03 -3.421674E-03  5.214524E-08
         2   3  2.554482E+00 -1.547148E-01 -1.930541E-01  6.939377E-03 -3.421026E-03 -5.214088E-08
         2   4  2.706424E+00  2.455549E-02  2.669884E-02  6.940382E-03 -3.421674E-03 -5.214524E-08
         2   5  2.554482E+00 -1.547148E-01 -1.930541E-01 -6.939377E-03  3.421026E-03 -5.214088E-08
         2   6  2.706424E+00  2.455549E-02  2.669884E-02 -6.940382E-03  3.421674E-03 -5.214524E-08
         2   7  2.554482E+00 -1.547148E-01 -1.930541E-01  6.939377E-03  3.421026E-03  5.214088E-08
         2   8  2.706424E+00  2.455549E-02  2.669884E-02  6.940382E-03  3.421674E-03  5.214524E-08
         3   1  2.638764E+00  1.281863E-02  2.525710E-02 -2.205121E-04  5.769219E-04 -2.793838E-10
         3   2  2.621932E+00 -3.102343E-03 -3.030653E-03 -2.205095E-04  5.769073E-04 -2.793813E-10
         3   3  2.638764E+00  1.281863E-02  2.525710E-02  2.205121E-04  5.769219E-04  2.793836E-10
         3   4  2.621932E+00 -3.102343E-03 -3.030653E-03  2.205095E-04  5.769073E-04  2.793813E-10
         3   5  2.638764E+00  1.281863E-02  2.525710E-02 -2.205121E-04 -5.769219E-04  2.793839E-10
         3   6  2.621932E+00 -3.102343E-03 -3.030653E-03 -2.205095E-04 -5.769073E-04  2.793812E-10
         3   7  2.638764E+00  1.281863E-02  2.525710E-02  2.205121E-04 -5.769219E-04 -2.793842E-10
         3   8  2.621932E+00 -3.102343E-03 -3.030653E-03  2.205095E-04 -5.769073E-04 -2.793813E-10
         4   1  2.629185E+00 -8.106933E-04 -3.909133E-03  2.793052E-04 -1.302187E-04 -7.987480E-11
         4   2  2.631534E+00  4.213939E-04  1.028412E-03  2.793053E-04 -1.302194E-04 -7.987499E-11
         4   3  2.629185E+00 -8.106933E-04 -3.909133E-03 -2.793052E-04 -1.302187E-04  7.987494E-11
         4   4  2.631534E+00  4.213939E-04  1.028412E-03 -2.793053E-04 -1.302194E-04  7.987508E-11
         4   5  2.629185E+00 -8.106933E-04 -3.909133E-03  2.793052E-04  1.302187E-04  7.987470E-11
         4   6  2.631534E+00  4.213939E-04  1.028412E-03  2.793053E-04  1.302194E-04  7.987495E-11
         4   7  2.629185E+00 -8.106933E-04 -3.909133E-03 -2.793052E-04  1.302187E-04 -7.987489E-11
         4   8  2.631534E+00  4.213939E-04  1.028412E-03 -2.793053E-04  1.302194E-04 -7.987476E-11

 strains (elem, integ.pnt.,exx,eyy,ezz,exy,exz,eyz) for set ALL and time  0.1000000E+00

         1   1  8.310671E-04 -8.997527E-05 -9.618601E-05  6.145149E-05  1.313862E-05  1.185766E-20
         1   2  8.310671E-04 -3.357510E-04 -3.589239E-04  6.143638E-05  1.313517E-05  5.507508E-21
         1   3  8.310671E-04 -8.997527E-05 -9.618601E-05 -6.145149E-05  1.313862E-05  1.185766E-20
         1   4  8.310671E-04 -3.357510E-04 -3.589239E-04 -6.143638E-05  1.313517E-05  5.507508E-21
         1   5  8.310671E-04 -8.997527E-05 -9.618601E-05  6.145149E-05 -1.313862E-05  2.159762E-20
         1   6  8.310671E-04 -3.357510E-04 -3.589239E-04  6.143638E-05 -1.313517E-05  2.709909E-20
         1   7  8.310671E-04 -8.997527E-05 -9.618601E-05 -6.145149E-05 -1.313862E-05  4.658486E-21
         1   8  8.310671E-04 -3.357510E-04 -3.589239E-04 -6.143638E-05 -1.313517E-05  2.709909E-20
         2   1  1.072737E-03 -4.201060E-04 -4.412960E-04 -3.818090E-06 -1.882310E-06 -8.460845E-22
         2   2  1.072737E-03 -4.048335E-04 -4.036491E-04 -3.818148E-06 -1.882381E-06  1.143084E-20
         2   3  1.072737E-03 -4.201060E-04 -4.412960E-04  3.818090E-06 -1.882310E-06  2.794090E-20
         2   4  1.072737E-03 -4.048335E-04 -4.036491E-04  3.818148E-06 -1.882381E-06 -1.680674E-19
         2   5  1.072737E-03 -4.201060E-04 -4.412960E-04 -3.818090E-06  1.882310E-06  1.693376E-20
         2   6  1.072737E-03 -4.048335E-04 -4.036491E-04 -3.818148E-06  1.882381E-06  5.376532E-20
         2   7  1.072737E-03 -4.201060E-04 -4.412960E-04  3.818090E-06  1.882310E-06  4.233410E-20
         2   8  1.072737E-03 -4.048335E-04 -4.036491E-04  3.818148E-06  1.882381E-06 -1.147260E-19
         3   1  1.047774E-03 -3.990657E-04 -3.921926E-04 -1.213218E-07  3.174101E-07  5.758059E-20
         3   2  1.047774E-03 -3.985804E-04 -3.985408E-04 -1.213219E-07  3.174081E-07 -2.254321E-20
         3   3  1.047774E-03 -3.990657E-04 -3.921926E-04  1.213218E-07  3.174101E-07 -1.443561E-19
         3   4  1.047774E-03 -3.985804E-04 -3.985408E-04  1.213219E-07  3.174081E-07  3.598503E-21
         3   5  1.047774E-03 -3.990657E-04 -3.921926E-04 -1.213218E-07 -3.174101E-07  3.556637E-20
         3   6  1.047774E-03 -3.985804E-04 -3.985408E-04 -1.213219E-07 -3.174081E-07 -2.963429E-20
         3   7  1.047774E-03 -3.990657E-04 -3.921926E-04  1.213218E-07 -3.174101E-07 -1.659470E-19
         3   8  1.047774E-03 -3.985804E-04 -3.985408E-04  1.213219E-07 -3.174081E-07 -3.979463E-20
         4   1  1.050450E-03 -3.986278E-04 -4.003399E-04  1.536691E-07 -7.164435E-08  3.217304E-20
         4   2  1.050450E-03 -3.992425E-04 -3.989070E-04  1.536690E-07 -7.164445E-08 -1.555828E-20
         4   3  1.050450E-03 -3.986278E-04 -4.003399E-04 -1.536691E-07 -7.164435E-08  4.572016E-20
         4   4  1.050450E-03 -3.992425E-04 -3.989070E-04 -1.536690E-07 -7.164445E-08  6.837033E-20
         4   5  1.050450E-03 -3.986278E-04 -4.003399E-04  1.536691E-07  7.164435E-08 -8.636427E-20
         4   6  1.050450E-03 -3.992425E-04 -3.989070E-04  1.536690E-07  7.164445E-08 -7.620515E-21
         4   7  1.050450E-03 -3.986278E-04 -4.003399E-04 -1.536691E-07  7.164435E-08 -1.693527E-20
         4   8  1.050450E-03 -3.992425E-04 -3.989070E-04 -1.536690E-07  7.164445E-08  1.117634E-19

                                INCREMENT     3


 forces (fx,fy,fz) for set RIGHT and time  0.1750000E+00

        17  5.755839E+00  2.407035E-17  1.443715E-14
        18  5.755839E+00 -1.242237E-15  1.089419E-14
        19  5.755839E+00 -3.162145E-15 -9.782063E-15
        20  5.755839E+00  3.534033E-15 -1.185183E-14

 displacements (vx,vy,vz) for set RIGHT and time  0.1750000E+00

        17  3.500000E-02  1.748892E-03  3.488266E-04
        18  3.500000E-02 -1.748892E-03  3.488266E-04
        19  3.500000E-02 -1.748892E-03 -3.488266E-04
        20  3.500000E-02  1.748892E-03 -3.488266E-04

 stresses (elem, integ.pnt.,sxx,syy,szz,sxy,sxz,syz) for set ALL and time  0.1750000E+00

         1   1  5.885250E+00  2.949200E+00  2.929341E+00  1.962016E-01  4.195438E-02  1.797370E-05
         1   2  3.330062E+00 -3.790635E-01 -4.526534E-01  1.956583E-01  4.183572E-02  1.794847E-05
         1   3  5.885250E+00  2.949200E+00  2.929341E+00 -1.962016E-01  4.195438E-02 -1.797370E-05
         1   4  3.330062E+00 -3.790635E-01 -4.526534E-01 -1.956583E-01  4.183572E-02 -1.794847E-05
         1   5  5.885250E+00  2.949200E+00  2.929341E+00  1.962016E-01 -4.195438E-02 -1.797370E-05
         1   6  3.330062E+00 -3.790635E-01 -4.526534E-01  1.956583E-01 -4.183572E-02 -1.794847E-05
         1   7  5.885250E+00  2.949200E+00  2.929341E+00 -1.962016E-01 -4.195438E-02  1.797370E-05
         1   8  3.330062E+00 -3.790635E-01 -4.526534E-01 -1.956583E-01 -4.183572E-02  1.794847E-05
         2   1  4.478207E+00 -2.708260E-01 -3.380225E-01 -1.217571E-02 -6.010353E-03  1.600935E-07
         2   2  4.744604E+00  4.295819E-02  4.671188E-02 -1.217879E-02 -6.012343E-03  1.601169E-07
         2   3  4.478207E+00 -2.708260E-01 -3.380225E-01  1.217571E-02 -6.010353E-03 -1.600935E-07
         2   4  4.744604E+00  4.295819E-02  4.671188E-02  1.217879E-02 -6.012343E-03 -1.601169E-07
         2   5  4.478207E+00 -2.708260E-01 -3.380225E-01 -1.217571E-02  6.010353E-03 -1.600935E-07
         2   6  4.744604E+00  4.295819E-02  4.671188E-02 -1.217879E-02  6.012343E-03 -1.601169E-07
         2   7  4.478207E+00 -2.708260E-01 -3.380225E-01  1.217571E-02  6.010353E-03  1.600935E-07
         2   8  4.744604E+00  4.295819E-02  4.671188E-02  1.217879E-02  6.012343E-03  1.601169E-07
         3   1  4.625849E+00  2.245413E-02  4.425606E-02 -3.887054E-04  1.014258E-03 -8.623071E-10
         3   2  4.596316E+00 -5.433733E-03 -5.306819E-03 -3.886975E-04  1.014213E-03 -8.622928E-10
         3   3  4.625849E+00  2.245413E-02  4.425606E-02  3.887054E-04  1.014258E-03  8.623066E-10
         3   4  4.596316E+00 -5.433733E-03 -5.306819E-03  3.886975E-04  1.014213E-03  8.622926E-10
         3   5  4.625849E+00  2.245413E-02  4.425606E-02 -3.887054E-04 -1.014258E-03  8.623066E-10
         3   6  4.596316E+00 -5.433733E-03 -5.306819E-03 -3.886975E-04 -1.014213E-03  8.622930E-10
         3   7  4.625849E+00  2.245413E-02  4.425606E-02  3.887054E-04 -1.014258E-03 -8.623070E-10
         3   8  4.596316E+00 -5.433733E-03 -5.306819E-03  3.886975E-04 -1.014213E-03 -8.622927E-10
         4   1  4.609055E+00 -1.423291E-03 -6.853023E-03  4.907588E-04 -2.289681E-04 -2.457796E-10
         4   2  4.613180E+00  7.397198E-04  1.802826E-03  4.907593E-04 -2.289699E-04 -2.457802E-10
         4   3  4.609055E+00 -1.423291E-03 -6.853023E-03 -4.907588E-04 -2.289681E-04  2.457798E-10
         4   4  4.613180E+00  7.397198E-04  1.802826E-03 -4.907593E-04 -2.289699E-04  2.457802E-10
         4   5  4.609055E+00 -1.423291E-03 -6.853023E-03  4.907588E-04  2.289681E-04  2.457797E-10
         4   6  4.613180E+00  7.397198E-04  1.802826E-03  4.907593E-04  2.289699E-04  2.457806E-10
         4   7  4.609055E+00 -1.423291E-03 -6.853023E-03 -4.907588E-04  2.289681E-04 -2.457794E-10
         4   8  4.613180E+00  7.397198E-04  1.802826E-03 -4.907593E-04  2.289699E-04 -2.457800E-10

 strains (elem, integ.pnt.,exx,eyy,ezz,exy,exz,eyz) for set ALL and time  0.1750000E+00

         1   1  1.455092E-03 -1.575308E-04 -1.684291E-04  1.075870E-04  2.300591E-05 -1.902032E-21
         1   2  1.455092E-03 -5.877863E-04 -6.284414E-04  1.075407E-04  2.299532E-05  5.338025E-20
         1   3  1.455092E-03 -1.575308E-04 -1.684291E-04 -1.075870E-04  2.300591E-05  4.873164E-21
         1   4  1.455092E-03 -5.877863E-04 -6.284414E-04 -1.075407E-04  2.299532E-05 -7.979848E-22
         1   5  1.455092E-03 -1.575308E-04 -1.684291E-04  1.075870E-04 -2.300591E-05 -2.286264E-20
         1   6  1.455092E-03 -5.877863E-04 -6.284414E-04  1.075407E-04 -2.299532E-05 -3.335281E-21
         1   7  1.455092E-03 -1.575308E-04 -1.684291E-04 -1.075870E-04 -2.300591E-05 -9.312248E-21
         1   8  1.455092E-03 -5.877863E-04 -6.284414E-04 -1.075407E-04 -2.299532E-05 -6.089952E-20
         2   1  1.877951E-03 -7.354402E-04 -7.726147E-04 -6.682819E-06 -3.298994E-06  4.154514E-20
         2   2  1.877951E-03 -7.087086E-04 -7.066326E-04 -6.682998E-06 -3.299212E-06 -1.747945E-19
         2   3  1.877951E-03 -7.354402E-04 -7.726147E-04  6.682819E-06 -3.298994E-06  3.815962E-20
         2   4  1.877951E-03 -7.087086E-04 -7.066326E-04  6.682998E-06 -3.299212E-06 -1.612516E-19
         2   5  1.877951E-03 -7.354402E-04 -7.726147E-04 -6.682819E-06  3.298994E-06 -2.024048E-20
         2   6  1.877951E-03 -7.087086E-04 -7.066326E-04 -6.682998E-06  3.299212E-06 -1.261247E-19
         2   7  1.877951E-03 -7.354402E-04 -7.726147E-04  6.682819E-06  3.298994E-06 -1.685496E-20
         2   8  1.877951E-03 -7.087086E-04 -7.066326E-04  6.682998E-06  3.299212E-06 -3.978860E-20
         3   1  1.834238E-03 -6.986116E-04 -6.865553E-04 -2.133305E-07  5.566414E-07 -1.490052E-19
         3   2  1.834238E-03 -6.977583E-04 -6.976881E-04 -2.133307E-07  5.566352E-07 -1.904497E-20
         3   3  1.834238E-03 -6.986116E-04 -6.865553E-04  2.133305E-07  5.566414E-07 -1.261513E-19
         3   4  1.834238E-03 -6.977583E-04 -6.976881E-04  2.133307E-07  5.566352E-07 -8.527904E-20
         3   5  1.834238E-03 -6.986116E-04 -6.865553E-04 -2.133305E-07 -5.566414E-07 -1.286903E-19
         3   6  1.834238E-03 -6.977583E-04 -6.976881E-04 -2.133307E-07 -5.566352E-07  9.818721E-20
         3   7  1.834238E-03 -6.986116E-04 -6.865553E-04  2.133305E-07 -5.566414E-07 -9.483262E-20
         3   8  1.834238E-03 -6.977583E-04 -6.976881E-04  2.133307E-07 -5.566352E-07  5.755801E-20
         4   1  1.838927E-03 -6.978403E-04 -7.008430E-04  2.693409E-07 -1.256639E-07  5.416982E-20
         4   2  1.838927E-03 -6.989176E-04 -6.983297E-04  2.693406E-07 -1.256642E-07  1.544881E-20
         4   3  1.838927E-03 -6.978403E-04 -7.008430E-04 -2.693409E-07 -1.256639E-07  5.416982E-20
         4   4  1.838927E-03 -6.989176E-04 -6.983297E-04 -2.693406E-07 -1.256642E-07 -3.872339E-20
         4   5  1.838927E-03 -6.978403E-04 -7.008430E-04  2.693409E-07  1.256639E-07  1.354034E-20
         4   6  1.838927E-03 -6.989176E-04 -6.983297E-04  2.693406E-07  1.256642E-07  2.124579E-19
         4   7  1.838927E-03 -6.978403E-04 -7.008430E-04 -2.693409E-07  1.256639E-07  1.489710E-19
         4   8  1.838927E-03 -6.989176E-04 -6.983297E-04 -2.693406E-07  1.256642E-07  1.091922E-19

                                INCREMENT     4


 forces (fx,fy,fz) for set RIGHT and time  0.2750000E+00

        17  9.058566E+00 -3.634607E-16 -2.479420E-16
        18  9.058566E+00 -2.795369E-16  5.075336E-15
        19  9.058566E+00 -1.639506E-15 -4.550292E-15
        20  9.058566E+00  7.853053E-16 -4.062821E-15

 displacements (vx,vy,vz) for set RIGHT and time  0.2750000E+00

        17  5.500000E-02  2.750088E-03  5.485175E-04
        18  5.500000E-02 -2.750088E-03  5.485175E-04
        19  5.500000E-02 -2.750088E-03 -5.485175E-04
        20  5.500000E-02  2.750088E-03 -5.485175E-04

 stresses (elem, integ.pnt.,sxx,syy,szz,sxy,sxz,syz) for set ALL and time  0.2750000E+00

         1   1  9.263703E+00  4.633712E+00  4.602288E+00  3.096650E-01  6.622882E-02  4.449783E-05
         1   2  5.244781E+00 -5.948925E-01 -7.108685E-01  3.083224E-01  6.593552E-02  4.439984E-05
         1   3  9.263703E+00  4.633712E+00  4.602288E+00 -3.096650E-01  6.622882E-02 -4.449783E-05
         1   4  5.244781E+00 -5.948925E-01 -7.108685E-01 -3.083224E-01  6.593552E-02 -4.439984E-05
         1   5  9.263703E+00  4.633712E+00  4.602288E+00  3.096650E-01 -6.622882E-02 -4.449783E-05
         1   6  5.244781E+00 -5.948925E-01 -7.108685E-01  3.083224E-01 -6.593552E-02 -4.439984E-05
         1   7  9.263703E+00  4.633712E+00  4.602288E+00 -3.096650E-01 -6.622882E-02  4.449783E-05
         1   8  5.244781E+00 -5.948925E-01 -7.108685E-01 -3.083224E-01 -6.593552E-02  4.439984E-05
         2   1  7.053697E+00 -4.257385E-01 -5.315484E-01 -1.919986E-02 -9.494383E-03  3.966889E-07
         2   2  7.473363E+00  6.747648E-02  7.338093E-02 -1.920748E-02 -9.499319E-03  3.967802E-07
         2   3  7.053697E+00 -4.257385E-01 -5.315484E-01  1.919986E-02 -9.494383E-03 -3.966889E-07
         2   4  7.473363E+00  6.747648E-02  7.338093E-02  1.920748E-02 -9.499319E-03 -3.967802E-07
         2   5  7.053697E+00 -4.257385E-01 -5.315484E-01 -1.919986E-02  9.494383E-03 -3.966889E-07
         2   6  7.473363E+00  6.747648E-02  7.338093E-02 -1.920748E-02  9.499319E-03 -3.967802E-07
         2   7  7.053697E+00 -4.257385E-01 -5.315484E-01  1.919986E-02  9.494383E-03  3.966889E-07
         2   8  7.473363E+00  6.747648E-02  7.338093E-02  1.920748E-02  9.499319E-03  3.967802E-07
         3   1  7.286011E+00  3.532974E-02  6.966243E-02 -6.167707E-04  1.603603E-03 -2.151643E-09
         3   2  7.239443E+00 -8.548391E-03 -8.345880E-03 -6.167509E-04  1.603492E-03 -2.151589E-09
         3   3  7.286011E+00  3.532974E-02  6.966243E-02  6.167707E-04  1.603603E-03  2.151643E-09
         3   4  7.239443E+00 -8.548391E-03 -8.345880E-03  6.167509E-04  1.603492E-03  2.151589E-09
         3   5  7.286011E+00  3.532974E-02  6.966243E-02 -6.167707E-04 -1.603603E-03  2.151644E-09
         3   6  7.239443E+00 -8.548391E-03 -8.345880E-03 -6.167509E-04 -1.603492E-03  2.151588E-09
         3   7  7.286011E+00  3.532974E-02  6.966243E-02  6.167707E-04 -1.603603E-03 -2.151643E-09
         3   8  7.239443E+00 -8.548391E-03 -8.345880E-03  6.167509E-04 -1.603492E-03 -2.151588E-09
         4   1  7.259558E+00 -2.246149E-03 -1.079420E-02  7.753476E-04 -3.620902E-04 -6.107715E-10
         4   2  7.266072E+00  1.167190E-03  2.839499E-03  7.753488E-04 -3.620948E-04 -6.107732E-10
         4   3  7.259558E+00 -2.246149E-03 -1.079420E-02 -7.753476E-04 -3.620902E-04  6.107715E-10
         4   4  7.266072E+00  1.167190E-03  2.839499E-03 -7.753488E-04 -3.620948E-04  6.107734E-10
         4   5  7.259558E+00 -2.246149E-03 -1.079420E-02  7.753476E-04  3.620902E-04  6.107709E-10
         4   6  7.266072E+00  1.167190E-03  2.839499E-03  7.753488E-04  3.620948E-04  6.107731E-10
         4   7  7.259558E+00 -2.246149E-03 -1.079420E-02 -7.753476E-04  3.620902E-04 -6.107707E-10
         4   8  7.266072E+00  1.167190E-03  2.839499E-03 -7.753488E-04  3.620948E-04 -6.107732E-10

 strains (elem, integ.pnt.,exx,eyy,ezz,exy,exz,eyz) for set ALL and time  0.2750000E+00

         1   1  2.288089E-03 -2.477035E-04 -2.648916E-04  1.691637E-04  3.618007E-05  4.741615E-20
         1   2  2.288089E-03 -9.241292E-04 -9.882311E-04  1.690492E-04  3.615388E-05  2.030173E-19
         1   3  2.288089E-03 -2.477035E-04 -2.648916E-04 -1.691637E-04  3.618007E-05 -3.387887E-20
         1   4  2.288089E-03 -9.241292E-04 -9.882311E-04 -1.690492E-04  3.615388E-05 -1.219426E-19
         1   5  2.288089E-03 -2.477035E-04 -2.648916E-04  1.691637E-04 -3.618007E-05  7.282064E-20
         1   6  2.288089E-03 -9.241292E-04 -9.882311E-04  1.690492E-04 -3.615388E-05  2.504043E-19
         1   7  2.288089E-03 -2.477035E-04 -2.648916E-04 -1.691637E-04 -3.618007E-05 -2.202355E-20
         1   8  2.288089E-03 -9.241292E-04 -9.882311E-04 -1.690492E-04 -3.615388E-05 -7.455564E-20
         2   1  2.952453E-03 -1.156225E-03 -1.214835E-03 -1.050389E-05 -5.194501E-06  1.555692E-19
         2   2  2.952453E-03 -1.114209E-03 -1.110940E-03 -1.050433E-05 -5.195042E-06  1.481374E-20
         2   3  2.952453E-03 -1.156225E-03 -1.214835E-03  1.050389E-05 -5.194501E-06  1.555692E-19
         2   4  2.952453E-03 -1.114209E-03 -1.110940E-03  1.050433E-05 -5.195042E-06  2.835116E-20
         2   5  2.952453E-03 -1.156225E-03 -1.214835E-03 -1.050389E-05  5.194501E-06  2.232494E-19
         2   6  2.952453E-03 -1.114209E-03 -1.110940E-03 -1.050433E-05  5.195042E-06  1.844547E-19
         2   7  2.952453E-03 -1.156225E-03 -1.214835E-03  1.050389E-05  5.194501E-06  2.164814E-19
         2   8  2.952453E-03 -1.114209E-03 -1.110940E-03  1.050433E-05  5.195042E-06  3.385093E-20
         3   1  2.883703E-03 -1.098335E-03 -1.079330E-03 -3.373837E-07  8.771808E-07  9.651678E-20
         3   2  2.883703E-03 -1.096986E-03 -1.096873E-03 -3.373841E-07  8.771654E-07 -2.398696E-19
         3   3  2.883703E-03 -1.098335E-03 -1.079330E-03  3.373837E-07  8.771808E-07 -1.471606E-19
         3   4  2.883703E-03 -1.096986E-03 -1.096873E-03  3.373841E-07  8.771654E-07  1.404538E-19
         3   5  2.883703E-03 -1.098335E-03 -1.079330E-03 -3.373837E-07 -8.771808E-07  1.760514E-19
         3   6  2.883703E-03 -1.096986E-03 -1.096873E-03 -3.373841E-07 -8.771654E-07 -1.083006E-19
         3   7  2.883703E-03 -1.098335E-03 -1.079330E-03  3.373837E-07 -8.771808E-07 -1.014702E-19
         3   8  2.883703E-03 -1.096986E-03 -1.096873E-03  3.373841E-07 -8.771654E-07  1.489148E-19
         4   1  2.891085E-03 -1.097113E-03 -1.101845E-03  4.241306E-07 -1.980715E-07 -2.335548E-19
         4   2  2.891085E-03 -1.098809E-03 -1.097883E-03  4.241299E-07 -1.980723E-07 -2.532492E-21
         4   3  2.891085E-03 -1.097113E-03 -1.101845E-03 -4.241306E-07 -1.980715E-07  2.267253E-19
         4   4  2.891085E-03 -1.098809E-03 -1.097883E-03 -4.241299E-07 -1.980723E-07  6.642480E-20
         4   5  2.891085E-03 -1.097113E-03 -1.101845E-03  4.241306E-07  1.980715E-07 -1.015626E-19
         4   6  2.891085E-03 -1.098809E-03 -1.097883E-03  4.241299E-07  1.980723E-07 -7.275901E-20
         4   7  2.891085E-03 -1.097113E-03 -1.101845E-03 -4.241306E-07  1.980715E-07  1.962657E-19
         4   8  2.891085E-03 -1.098809E-03 -1.097883E-03 -4.241299E-07  1.980723E-07  3.390138E-21

                                INCREMENT     5


 forces (fx,fy,fz) for set RIGHT and time  0.3750000E+00

        17  1.237125E+01  2.345355E-15  1.743223E-14
        18  1.237125E+01 -2.645639E-15 -1.233705E-15
        19  1.237125E+01 -9.619685E-16  5.889403E-16
        20  1.237125E+01  4.025016E-15 -2.186008E-14

 displacements (vx,vy,vz) for set RIGHT and time  0.3750000E+00

        17  7.500000E-02  3.752617E-03  7.484719E-04
        18  7.500000E-02 -3.752617E-03  7.484719E-04
        19  7.500000E-02 -3.752617E-03 -7.484719E-04
        20  7.500000E-02  3.752617E-03 -7.484719E-04

 stresses (elem, integ.pnt.,sxx,syy,szz,sxy,sxz,syz) for set ALL and time  0.3750000E+00

         1   1  1.265342E+01  6.317680E+00  6.274531E+00  4.241135E-01  9.072301E-02  8.295602E-05
         1   2  7.168136E+00 -8.101576E-01 -9.687641E-01  4.216153E-01  9.017707E-02  8.270735E-05
         1   3  1.265342E+01  6.317680E+00  6.274531E+00 -4.241135E-01  9.072301E-02 -8.295602E-05
         1   4  7.168136E+00 -8.101576E-01 -9.687641E-01 -4.216153E-01  9.017707E-02 -8.270735E-05
         1   5  1.265342E+01  6.317680E+00  6.274531E+00  4.241135E-01 -9.072301E-02 -8.295602E-05
         1   6  7.168136E+00 -8.101576E-01 -9.687641E-01  4.216153E-01 -9.017707E-02 -8.270735E-05
         1   7  1.265342E+01  6.317680E+00  6.274531E+00 -4.241135E-01 -9.072301E-02  8.295602E-05
         1   8  7.168136E+00 -8.101576E-01 -9.687641E-01 -4.216153E-01 -9.017707E-02  8.270735E-05
         2   1  9.641254E+00 -5.807597E-01 -7.253400E-01 -2.627242E-02 -1.301473E-02  7.401647E-07
         2   2  1.021494E+01  9.197332E-02  1.000326E-01 -2.628661E-02 -1.302395E-02  7.403970E-07
         2   3  9.641254E+00 -5.807597E-01 -7.253400E-01  2.627242E-02 -1.301473E-02 -7.401647E-07
         2   4  1.021494E+01  9.197332E-02  1.000326E-01  2.628661E-02 -1.302395E-02 -7.403970E-07
         2   5  9.641254E+00 -5.807597E-01 -7.253400E-01 -2.627242E-02  1.301473E-02 -7.401647E-07
         2   6  1.021494E+01  9.197332E-02  1.000326E-01 -2.628661E-02  1.302395E-02 -7.403970E-07
         2   7  9.641254E+00 -5.807597E-01 -7.253400E-01  2.627242E-02  1.301473E-02  7.401647E-07
         2   8  1.021494E+01  9.197332E-02  1.000326E-01  2.628661E-02  1.302395E-02  7.403970E-07
         3   1  9.958459E+00  4.823715E-02  9.515335E-02 -8.492585E-04  2.200116E-03 -4.042908E-09
         3   2  9.894741E+00 -1.167003E-02 -1.138964E-02 -8.492214E-04  2.199907E-03 -4.042767E-09
         3   3  9.958459E+00  4.823715E-02  9.515335E-02  8.492585E-04  2.200116E-03  4.042909E-09
         3   4  9.894741E+00 -1.167003E-02 -1.138964E-02  8.492214E-04  2.199907E-03  4.042767E-09
         3   5  9.958459E+00  4.823715E-02  9.515335E-02 -8.492585E-04 -2.200116E-03  4.042907E-09
         3   6  9.894741E+00 -1.167003E-02 -1.138964E-02 -8.492214E-04 -2.199907E-03  4.042767E-09
         3   7  9.958459E+00  4.823715E-02  9.515335E-02  8.492585E-04 -2.200116E-03 -4.042907E-09
         3   8  9.894741E+00 -1.167003E-02 -1.138964E-02  8.492214E-04 -2.199907E-03 -4.042766E-09
         4   1  9.922303E+00 -3.075884E-03 -1.475358E-02  1.062986E-03 -4.968874E-04 -1.142918E-09
         4   2  9.931226E+00  1.598123E-03  3.880864E-03  1.062988E-03 -4.968960E-04 -1.142924E-09
         4   3  9.922303E+00 -3.075884E-03 -1.475358E-02 -1.062986E-03 -4.968874E-04  1.142918E-09
         4   4  9.931226E+00  1.598123E-03  3.880864E-03 -1.062988E-03 -4.968960E-04  1.142924E-09
         4   5  9.922303E+00 -3.075884E-03 -1.475358E-02  1.062986E-03  4.968874E-04  1.142918E-09
         4   6  9.931226E+00  1.598123E-03  3.880864E-03  1.062988E-03  4.968960E-04  1.142924E-09
         4   7  9.922303E+00 -3.075884E-03 -1.475358E-02 -1.062986E-03  4.968874E-04 -1.142918E-09
         4   8  9.931226E+00  1.598123E-03  3.880864E-03 -1.062988E-03  4.968960E-04 -1.142924E-09

 strains (elem, integ.pnt.,exx,eyy,ezz,exy,exz,eyz) for set ALL and time  0.3750000E+00

         1   1  3.122189E-03 -3.379890E-04 -3.615123E-04  2.308118E-04  4.937457E-05 -2.458505E-20
         1   2  3.122189E-03 -1.260810E-03 -1.348516E-03  2.305985E-04  4.932577E-05 -2.203599E-19
         1   3  3.122189E-03 -3.379890E-04 -3.615123E-04 -2.308118E-04  4.937457E-05  2.510840E-21
         1   4  3.122189E-03 -1.260810E-03 -1.348516E-03 -2.305985E-04  4.932577E-05 -3.286433E-19
         1   5  3.122189E-03 -3.379890E-04 -3.615123E-04  2.308118E-04 -4.937457E-05 -2.543210E-20
         1   6  3.122189E-03 -1.260810E-03 -1.348516E-03  2.305985E-04 -4.932577E-05 -1.696065E-19
         1   7  3.122189E-03 -3.379890E-04 -3.615123E-04 -2.308118E-04 -4.937457E-05  1.521174E-20
         1   8  3.122189E-03 -1.260810E-03 -1.348516E-03 -2.305985E-04 -4.932577E-05 -2.711228E-19
         2   1  4.027962E-03 -1.577397E-03 -1.657584E-03 -1.432645E-05 -7.097542E-06 -9.701983E-20
         2   2  4.027962E-03 -1.520090E-03 -1.515623E-03 -1.432728E-05 -7.098553E-06 -1.479506E-19
         2   3  4.027962E-03 -1.577397E-03 -1.657584E-03  1.432645E-05 -7.097542E-06 -4.150020E-19
         2   4  4.027962E-03 -1.520090E-03 -1.515623E-03  1.432728E-05 -7.098553E-06  2.444748E-19
         2   5  4.027962E-03 -1.577397E-03 -1.657584E-03 -1.432645E-05  7.097542E-06 -1.020979E-19
         2   6  4.027962E-03 -1.520090E-03 -1.515623E-03 -1.432728E-05  7.098553E-06 -4.414238E-19
         2   7  4.027962E-03 -1.577397E-03 -1.657584E-03  1.432645E-05  7.097542E-06 -3.659556E-19
         2   8  4.027962E-03 -1.520090E-03 -1.515623E-03  1.432728E-05  7.098553E-06  3.282037E-19
         3   1  3.934136E-03 -1.498435E-03 -1.472438E-03 -4.630291E-07  1.199507E-06 -1.027948E-19
         3   2  3.934136E-03 -1.496583E-03 -1.496427E-03 -4.630299E-07  1.199478E-06  4.313672E-20
         3   3  3.934136E-03 -1.498435E-03 -1.472438E-03  4.630291E-07  1.199507E-06  3.894393E-19
         3   4  3.934136E-03 -1.496583E-03 -1.496427E-03  4.630299E-07  1.199478E-06  5.962913E-20
         3   5  3.934136E-03 -1.498435E-03 -1.472438E-03 -4.630291E-07 -1.199507E-06 -3.311510E-19
         3   6  3.934136E-03 -1.496583E-03 -1.496427E-03 -4.630299E-07 -1.199478E-06 -2.114384E-19
         3   7  3.934136E-03 -1.498435E-03 -1.472438E-03  4.630291E-07 -1.199507E-06  5.890389E-19
         3   8  3.934136E-03 -1.496583E-03 -1.496427E-03  4.630299E-07 -1.199478E-06  3.569153E-19
         4   1  3.944220E-03 -1.496753E-03 -1.503225E-03  5.795618E-07 -2.709149E-07 -1.236030E-19
         4   2  3.944220E-03 -1.499072E-03 -1.497807E-03  5.795604E-07 -2.709164E-07 -5.368171E-20
         4   3  3.944220E-03 -1.496753E-03 -1.503225E-03 -5.795618E-07 -2.709149E-07  9.291259E-20
         4   4  3.944220E-03 -1.499072E-03 -1.497807E-03 -5.795604E-07 -2.709164E-07  1.835546E-19
         4   5  3.944220E-03 -1.496753E-03 -1.503225E-03  5.795618E-07  2.709149E-07  1.341128E-20
         4   6  3.944220E-03 -1.499072E-03 -1.497807E-03  5.795604E-07  2.709164E-07  1.184310E-19
         4   7  3.944220E-03 -1.496753E-03 -1.503225E-03 -5.795618E-07  2.709149E-07  2.366930E-19
         4   8  3.944220E-03 -1.499072E-03 -1.497807E-03 -5.795604E-07  2.709164E-07  1.065903E-19

                                INCREMENT     6


 forces (fx,fy,fz) for set RIGHT and time  0.4750000E+00

        17  1.569390E+01  2.176190E-16  2.701222E-14
        18  1.569390E+01 -5.180233E-15  1.461826E-14
        19  1.569390E+01 -8.347767E-16 -3.824964E-16
        20  1.569390E+01  4.155352E-15 -1.656213E-14

 displacements (vx,vy,vz) for set RIGHT and time  0.4750000E+00

        17  9.500000E-02  4.756481E-03  9.486899E-04
        18  9.500000E-02 -4.756481E-03  9.486899E-04
        19  9.500000E-02 -4.756481E-03 -9.486899E-04
        20  9.500000E-02  4.756481E-03 -9.486899E-04

 stresses (elem, integ.pnt.,sxx,syy,szz,sxy,sxz,syz) for set ALL and time  0.4750000E+00

         1   1  1.605441E+01  8.001099E+00  7.946065E+00  5.395509E-01  1.154379E-01  1.334395E-04
         1   2  9.100157E+00 -1.024861E+00 -1.226343E+00  5.355399E-01  1.145611E-01  1.329337E-04
         1   3  1.605441E+01  8.001099E+00  7.946065E+00 -5.395509E-01  1.154379E-01 -1.334395E-04
         1   4  9.100157E+00 -1.024861E+00 -1.226343E+00 -5.355399E-01  1.145611E-01 -1.329337E-04
         1   5  1.605441E+01  8.001099E+00  7.946065E+00  5.395509E-01 -1.154379E-01 -1.334395E-04
         1   6  9.100157E+00 -1.024861E+00 -1.226343E+00  5.355399E-01 -1.145611E-01 -1.329337E-04
         1   7  1.605441E+01  8.001099E+00  7.946065E+00 -5.395509E-01 -1.154379E-01  1.334395E-04
         1   8  9.100157E+00 -1.024861E+00 -1.226343E+00 -5.355399E-01 -1.145611E-01  1.329337E-04
         2   1  1.224092E+01 -7.358867E-01 -9.193946E-01 -3.339338E-02 -1.657164E-02  1.191594E-06
         2   2  1.296940E+01  1.164486E-01  1.266666E-01 -3.341618E-02 -1.658649E-02  1.192068E-06
         2   3  1.224092E+01 -7.358867E-01 -9.193946E-01  3.339338E-02 -1.657164E-02 -1.191594E-06
         2   4  1.296940E+01  1.164486E-01  1.266666E-01  3.341618E-02 -1.658649E-02 -1.192068E-06
         2   5  1.224092E+01 -7.358867E-01 -9.193946E-01 -3.339338E-02  1.657164E-02 -1.191594E-06
         2   6  1.296940E+01  1.164486E-01  1.266666E-01 -3.341618E-02  1.658649E-02 -1.192068E-06
         2   7  1.224092E+01 -7.358867E-01 -9.193946E-01  3.339338E-02  1.657164E-02  1.191594E-06
         2   8  1.296940E+01  1.164486E-01  1.266666E-01  3.341618E-02  1.658649E-02  1.192068E-06
         3   1  1.264324E+01  6.117581E-02  1.207283E-01 -1.086247E-03  2.803845E-03 -6.554686E-09
         3   2  1.256225E+01 -1.479859E-02 -1.443803E-02 -1.086187E-03  2.803508E-03 -6.554396E-09
         3   3  1.264324E+01  6.117581E-02  1.207283E-01  1.086247E-03  2.803845E-03  6.554685E-09
         3   4  1.256225E+01 -1.479859E-02 -1.443803E-02  1.086187E-03  2.803508E-03  6.554397E-09
         3   5  1.264324E+01  6.117581E-02  1.207283E-01 -1.086247E-03 -2.803845E-03  6.554686E-09
         3   6  1.256225E+01 -1.479859E-02 -1.443803E-02 -1.086187E-03 -2.803508E-03  6.554396E-09
         3   7  1.264324E+01  6.117581E-02  1.207283E-01  1.086247E-03 -2.803845E-03 -6.554686E-09
         3   8  1.256225E+01 -1.479859E-02 -1.443803E-02  1.086187E-03 -2.803508E-03 -6.554396E-09
         4   1  1.259733E+01 -3.912445E-03 -1.873109E-02  1.353696E-03 -6.333713E-04 -1.845336E-09
         4   2  1.260869E+01  2.032514E-03  4.926899E-03  1.353699E-03 -6.333853E-04 -1.845349E-09
         4   3  1.259733E+01 -3.912445E-03 -1.873109E-02 -1.353696E-03 -6.333713E-04  1.845338E-09
         4   4  1.260869E+01  2.032514E-03  4.926899E-03 -1.353699E-03 -6.333853E-04  1.845350E-09
         4   5  1.259733E+01 -3.912445E-03 -1.873109E-02  1.353696E-03  6.333713E-04  1.845337E-09
         4   6  1.260869E+01  2.032514E-03  4.926899E-03  1.353699E-03  6.333853E-04  1.845348E-09
         4   7  1.259733E+01 -3.912445E-03 -1.873109E-02 -1.353696E-03  6.333713E-04 -1.845336E-09
         4   8  1.260869E+01  2.032514E-03  4.926899E-03 -1.353699E-03  6.333853E-04 -1.845348E-09

 strains (elem, integ.pnt.,exx,eyy,ezz,exy,exz,eyz) for set ALL and time  0.4750000E+00

         1   1  3.957389E-03 -4.283873E-04 -4.582913E-04  2.925313E-04  6.258941E-05  6.008501E-20
         1   2  3.957389E-03 -1.597827E-03 -1.709295E-03  2.921887E-04  6.251099E-05  3.108117E-19
         1   3  3.957389E-03 -4.283873E-04 -4.582913E-04 -2.925313E-04  6.258941E-05 -2.119531E-20
         1   4  3.957389E-03 -1.597827E-03 -1.709295E-03 -2.921887E-04  6.251099E-05  9.431802E-20
         1   5  3.957389E-03 -4.283873E-04 -4.582913E-04  2.925313E-04 -6.258941E-05  6.770522E-20
         1   6  3.957389E-03 -1.597827E-03 -1.709295E-03  2.921887E-04 -6.251099E-05  2.837530E-19
         1   7  3.957389E-03 -4.283873E-04 -4.582913E-04 -2.925313E-04 -6.258941E-05  2.706506E-20
         1   8  3.957389E-03 -1.597827E-03 -1.709295E-03 -2.921887E-04 -6.251099E-05  6.725934E-20
         2   1  5.104481E-03 -1.998956E-03 -2.100861E-03 -1.815036E-05 -9.008109E-06  5.350379E-20
         2   2  5.104481E-03 -1.926352E-03 -1.920682E-03 -1.815169E-05 -9.009739E-06 -2.577929E-19
         2   3  5.104481E-03 -1.998956E-03 -2.100861E-03  1.815036E-05 -9.008109E-06 -2.170044E-19
         2   4  5.104481E-03 -1.926352E-03 -1.920682E-03  1.815169E-05 -9.009739E-06 -2.983721E-19
         2   5  5.104481E-03 -1.998956E-03 -2.100861E-03 -1.815036E-05  9.008109E-06 -8.174754E-20
         2   6  5.104481E-03 -1.926352E-03 -1.920682E-03 -1.815169E-05  9.009739E-06 -3.482507E-19
         2   7  5.104481E-03 -1.998956E-03 -2.100861E-03  1.815036E-05  9.008109E-06 -2.440524E-19
         2   8  5.104481E-03 -1.926352E-03 -1.920682E-03  1.815169E-05  9.009739E-06 -8.786757E-20
         3   1  4.985536E-03 -1.898911E-03 -1.865878E-03 -5.902896E-07  1.523620E-06  9.852084E-20
         3   2  4.985536E-03 -1.896550E-03 -1.896350E-03 -5.902910E-07  1.523573E-06  4.650266E-20
         3   3  4.985536E-03 -1.898911E-03 -1.865878E-03  5.902896E-07  1.523620E-06 -2.058308E-19
         3   4  4.985536E-03 -1.896550E-03 -1.896350E-03  5.902910E-07  1.523573E-06  4.345527E-19
         3   5  4.985536E-03 -1.898911E-03 -1.865878E-03 -5.902896E-07 -1.523620E-06  9.513904E-20
         3   6  4.985536E-03 -1.896550E-03 -1.896350E-03 -5.902910E-07 -1.523573E-06  1.420357E-19
         3   7  4.985536E-03 -1.898911E-03 -1.865878E-03  5.902896E-07 -1.523620E-06  4.521155E-22
         3   8  4.985536E-03 -1.896550E-03 -1.896350E-03  5.902910E-07 -1.523573E-06  3.990449E-19
         4   1  4.998331E-03 -1.896763E-03 -1.904983E-03  7.356353E-07 -3.441940E-07  4.461873E-19
         4   2  4.998331E-03 -1.899705E-03 -1.898100E-03  7.356331E-07 -3.441964E-07 -2.130090E-19
         4   3  4.998331E-03 -1.896763E-03 -1.904983E-03 -7.356353E-07 -3.441940E-07  5.002945E-19
         4   4  4.998331E-03 -1.899705E-03 -1.898100E-03 -7.356331E-07 -3.441964E-07  6.417129E-19
         4   5  4.998331E-03 -1.896763E-03 -1.904983E-03  7.356353E-07  3.441940E-07  6.067362E-20
         4   6  4.998331E-03 -1.899705E-03 -1.898100E-03  7.356331E-07  3.441964E-07 -1.250850E-19
         4   7  4.998331E-03 -1.896763E-03 -1.904983E-03 -7.356353E-07  3.441940E-07  4.867678E-19
         4   8  4.998331E-03 -1.899705E-03 -1.898100E-03 -7.356331E-07  3.441964E-07  2.232290E-19

                                INCREMENT     7


 forces (fx,fy,fz) for set RIGHT and time  0.5750000E+00

        17  1.902653E+01 -6.236236E-15 -1.436114E-14
        18  1.902653E+01  9.402592E-16 -3.055594E-14
        19  1.902653E+01  6.006345E-15  2.061817E-14
        20  1.902653E+01 -5.863415E-16  1.188976E-14

 displacements (vx,vy,vz) for set RIGHT and time  0.5750000E+00

        17  1.150000E-01  5.761681E-03  1.149172E-03
        18  1.150000E-01 -5.761681E-03  1.149172E-03
        19  1.150000E-01 -5.761681E-03 -1.149172E-03
        20  1.150000E-01  5.761681E-03 -1.149172E-03

 stresses (elem, integ.pnt.,sxx,syy,szz,sxy,sxz,syz) for set ALL and time  0.5750000E+00

         1   1  1.946671E+01  9.683966E+00  9.616887E+00  6.559810E-01  1.403745E-01  1.960398E-04
         1   2  1.104087E+01 -1.239004E+00 -1.483607E+00  6.500994E-01  1.390884E-01  1.951419E-04
         1   3  1.946671E+01  9.683966E+00  9.616887E+00 -6.559810E-01  1.403745E-01 -1.960398E-04
         1   4  1.104087E+01 -1.239004E+00 -1.483607E+00 -6.500994E-01  1.390884E-01 -1.951419E-04
         1   5  1.946671E+01  9.683966E+00  9.616887E+00  6.559810E-01 -1.403745E-01 -1.960398E-04
         1   6  1.104087E+01 -1.239004E+00 -1.483607E+00  6.500994E-01 -1.390884E-01 -1.951419E-04
         1   7  1.946671E+01  9.683966E+00  9.616887E+00 -6.559810E-01 -1.403745E-01  1.960398E-04
         1   8  1.104087E+01 -1.239004E+00 -1.483607E+00 -6.500994E-01 -1.390884E-01  1.951419E-04
         2   1  1.485276E+01 -8.911163E-01 -1.113709E+00 -4.056270E-02 -2.016533E-02  1.752049E-06
         2   2  1.573676E+01  1.409022E-01  1.532827E-01 -4.059617E-02 -2.018718E-02  1.752891E-06
         2   3  1.485276E+01 -8.911163E-01 -1.113709E+00  4.056270E-02 -2.016533E-02 -1.752049E-06
         2   4  1.573676E+01  1.409022E-01  1.532827E-01  4.059617E-02 -2.018718E-02 -1.752891E-06
         2   5  1.485276E+01 -8.911163E-01 -1.113709E+00 -4.056270E-02  2.016533E-02 -1.752049E-06
         2   6  1.573676E+01  1.409022E-01  1.532827E-01 -4.059617E-02  2.018718E-02 -1.752891E-06
         2   7  1.485276E+01 -8.911163E-01 -1.113709E+00  4.056270E-02  2.016533E-02  1.752049E-06
         2   8  1.573676E+01  1.409022E-01  1.532827E-01  4.059617E-02  2.018718E-02  1.752891E-06
         3   1  1.534038E+01  7.414516E-02  1.463868E-01 -1.327815E-03  3.414841E-03 -9.705999E-09
         3   2  1.524202E+01 -1.793405E-02 -1.749097E-02 -1.327726E-03  3.414344E-03 -9.705478E-09
         3   3  1.534038E+01  7.414516E-02  1.463868E-01  1.327815E-03  3.414841E-03  9.705999E-09
         3   4  1.524202E+01 -1.793405E-02 -1.749097E-02  1.327726E-03  3.414344E-03  9.705480E-09
         3   5  1.534038E+01  7.414516E-02  1.463868E-01 -1.327815E-03 -3.414841E-03  9.705999E-09
         3   6  1.524202E+01 -1.793405E-02 -1.749097E-02 -1.327726E-03 -3.414344E-03  9.705481E-09
         3   7  1.534038E+01  7.414516E-02  1.463868E-01  1.327815E-03 -3.414841E-03 -9.705999E-09
         3   8  1.524202E+01 -1.793405E-02 -1.749097E-02  1.327726E-03 -3.414344E-03 -9.705478E-09
         4   1  1.528469E+01 -4.755778E-03 -2.272665E-02  1.647499E-03 -7.715539E-04 -2.721174E-09
         4   2  1.529850E+01  2.470356E-03  5.977582E-03  1.647505E-03 -7.715745E-04 -2.721195E-09
         4   3  1.528469E+01 -4.755778E-03 -2.272665E-02 -1.647499E-03 -7.715539E-04  2.721176E-09
         4   4  1.529850E+01  2.470356E-03  5.977582E-03 -1.647505E-03 -7.715745E-04  2.721195E-09
         4   5  1.528469E+01 -4.755778E-03 -2.272665E-02  1.647499E-03  7.715539E-04  2.721176E-09
         4   6  1.529850E+01  2.470356E-03  5.977582E-03  1.647505E-03  7.715745E-04  2.721195E-09
         4   7  1.528469E+01 -4.755778E-03 -2.272665E-02 -1.647499E-03  7.715539E-04 -2.721174E-09
         4   8  1.529850E+01  2.470356E-03  5.977582E-03 -1.647505E-03  7.715745E-04 -2.721195E-09

 strains (elem, integ.pnt.,exx,eyy,ezz,exy,exz,eyz) for set ALL and time  0.5750000E+00

         1   1  4.793689E-03 -5.188983E-04 -5.552290E-04  3.543221E-04  7.582462E-05  7.115854E-20
         1   2  4.793689E-03 -1.935181E-03 -2.070570E-03  3.538194E-04  7.570951E-05  8.516019E-20
         1   3  4.793689E-03 -5.188983E-04 -5.552290E-04 -3.543221E-04  7.582462E-05  7.115854E-20
         1   4  4.793689E-03 -1.935181E-03 -2.070570E-03 -3.538194E-04  7.570951E-05  1.933704E-19
         1   5  4.793689E-03 -5.188983E-04 -5.552290E-04  3.543221E-04 -7.582462E-05  8.131828E-20
         1   6  4.793689E-03 -1.935181E-03 -2.070570E-03  3.538194E-04 -7.570951E-05  1.415690E-20
         1   7  4.793689E-03 -5.188983E-04 -5.552290E-04 -3.543221E-04 -7.582462E-05  5.422729E-20
         1   8  4.793689E-03 -1.935181E-03 -2.070570E-03 -3.538194E-04 -7.570951E-05  1.358915E-19
         2   1  6.182008E-03 -2.420900E-03 -2.544666E-03 -2.197547E-05 -1.092620E-05 -2.020570E-19
         2   2  6.182008E-03 -2.332995E-03 -2.326118E-03 -2.197741E-05 -1.092860E-05 -1.301817E-19
         2   3  6.182008E-03 -2.420900E-03 -2.544666E-03  2.197547E-05 -1.092620E-05  1.359333E-19
         2   4  6.182008E-03 -2.332995E-03 -2.326118E-03  2.197741E-05 -1.092860E-05 -1.977860E-19
         2   5  6.182008E-03 -2.420900E-03 -2.544666E-03 -2.197547E-05  1.092620E-05  6.834330E-20
         2   6  6.182008E-03 -2.332995E-03 -2.326118E-03 -2.197741E-05  1.092860E-05 -3.448257E-19
         2   7  6.182008E-03 -2.420900E-03 -2.544666E-03  2.197547E-05  1.092620E-05  6.834330E-20
         2   8  6.182008E-03 -2.332995E-03 -2.326118E-03  2.197741E-05  1.092860E-05 -1.487732E-19
         3   1  6.037904E-03 -2.299764E-03 -2.259651E-03 -7.191879E-07  1.849518E-06 -1.895459E-19
         3   2  6.037904E-03 -2.296887E-03 -2.296641E-03 -7.191900E-07  1.849449E-06  5.628254E-19
         3   3  6.037904E-03 -2.299764E-03 -2.259651E-03  7.191879E-07  1.849518E-06  1.248245E-19
         3   4  6.037904E-03 -2.296887E-03 -2.296641E-03  7.191900E-07  1.849449E-06  3.219761E-19
         3   5  6.037904E-03 -2.299764E-03 -2.259651E-03 -7.191879E-07 -1.849518E-06 -1.760240E-19
         3   6  6.037904E-03 -2.296887E-03 -2.296641E-03 -7.191900E-07 -1.849449E-06  7.673360E-19
         3   7  6.037904E-03 -2.299764E-03 -2.259651E-03  7.191879E-07 -1.849518E-06  1.484877E-19
         3   8  6.037904E-03 -2.296887E-03 -2.296641E-03  7.191900E-07 -1.849449E-06  6.591651E-19
         4   1  6.053419E-03 -2.297141E-03 -2.307121E-03  8.923518E-07 -4.179086E-07  3.381136E-19
         4   2  6.053419E-03 -2.300710E-03 -2.298762E-03  8.923486E-07 -4.179121E-07 -2.679206E-19
         4   3  6.053419E-03 -2.297141E-03 -2.307121E-03 -8.923518E-07 -4.179086E-07  7.167116E-19
         4   4  6.053419E-03 -2.300710E-03 -2.298762E-03 -8.923486E-07 -4.179121E-07  2.484244E-19
         4   5  6.053419E-03 -2.297141E-03 -2.307121E-03  8.923518E-07  4.179086E-07  6.491033E-19
         4   6  6.053419E-03 -2.300710E-03 -2.298762E-03  8.923486E-07  4.179121E-07  4.729510E-20
         4   7  6.053419E-03 -2.297141E-03 -2.307121E-03 -8.923518E-07  4.179086E-07  4.327616E-19
         4   8  6.053419E-03 -2.300710E-03 -2.298762E-03 -8.923486E-07  4.179121E-07  1.318033E-19

                                INCREMENT     8


 forces (fx,fy,fz) for set RIGHT and time  0.6750000E+00

        17  2.236914E+01 -1.409986E-15 -1.085981E-14
        18  2.236914E+01 -2.514416E-15 -1.448765E-16
        19  2.236914E+01  3.260561E-15 -5.748060E-15
        20  2.236914E+01 -2.919523E-15 -1.982464E-15

 displacements (vx,vy,vz) for set RIGHT and time  0.6750000E+00

        17  1.350000E-01  6.768220E-03  1.349919E-03
        18  1.350000E-01 -6.768220E-03  1.349919E-03
        19  1.350000E-01 -6.768220E-03 -1.349919E-03
        20  1.350000E-01  6.768220E-03 -1.349919E-03

 stresses (elem, integ.pnt.,sxx,syy,szz,sxy,sxz,syz) for set ALL and time  0.6750000E+00

         1   1  2.289032E+01  1.136628E+01  1.128699E+01  7.734076E-01  1.655337E-01  2.708491E-04
         1   2  1.299030E+01 -1.452590E+00 -1.740559E+00  7.652967E-01  1.637596E-01  2.693954E-04
         1   3  2.289032E+01  1.136628E+01  1.128699E+01 -7.734076E-01  1.655337E-01 -2.708491E-04
         1   4  1.299030E+01 -1.452590E+00 -1.740559E+00 -7.652967E-01  1.637596E-01 -2.693954E-04
         1   5  2.289032E+01  1.136628E+01  1.128699E+01  7.734076E-01 -1.655337E-01 -2.708491E-04
         1   6  1.299030E+01 -1.452590E+00 -1.740559E+00  7.652967E-01 -1.637596E-01 -2.693954E-04
         1   7  2.289032E+01  1.136628E+01  1.128699E+01 -7.734076E-01 -1.655337E-01  2.708491E-04
         1   8  1.299030E+01 -1.452590E+00 -1.740559E+00 -7.652967E-01 -1.637596E-01  2.693954E-04
         2   1  1.747679E+01 -1.046446E+00 -1.308282E+00 -4.778036E-02 -2.379605E-02  2.422599E-06
         2   2  1.851708E+01  1.653339E-01  1.798807E-01 -4.782656E-02 -2.382629E-02  2.423967E-06
         2   3  1.747679E+01 -1.046446E+00 -1.308282E+00  4.778036E-02 -2.379605E-02 -2.422599E-06
         2   4  1.851708E+01  1.653339E-01  1.798807E-01  4.782656E-02 -2.382629E-02 -2.423967E-06
         2   5  1.747679E+01 -1.046446E+00 -1.308282E+00 -4.778036E-02  2.379605E-02 -2.422599E-06
         2   6  1.851708E+01  1.653339E-01  1.798807E-01 -4.782656E-02  2.382629E-02 -2.423967E-06
         2   7  1.747679E+01 -1.046446E+00 -1.308282E+00  4.778036E-02  2.379605E-02  2.422599E-06
         2   8  1.851708E+01  1.653339E-01  1.798807E-01  4.782656E-02  2.382629E-02  2.423967E-06
         3   1  1.804994E+01  8.714468E-02  1.721282E-01 -1.574041E-03  4.033154E-03 -1.351631E-08
         3   2  1.793408E+01 -2.107636E-02 -2.054838E-02 -1.573918E-03  4.032465E-03 -1.351546E-08
         3   3  1.804994E+01  8.714468E-02  1.721282E-01  1.574041E-03  4.033154E-03  1.351631E-08
         3   4  1.793408E+01 -2.107636E-02 -2.054838E-02  1.573918E-03  4.032465E-03  1.351546E-08
         3   5  1.804994E+01  8.714468E-02  1.721282E-01 -1.574041E-03 -4.033154E-03  1.351631E-08
         3   6  1.793408E+01 -2.107636E-02 -2.054838E-02 -1.573918E-03 -4.032465E-03  1.351546E-08
         3   7  1.804994E+01  8.714468E-02  1.721282E-01  1.574041E-03 -4.033154E-03 -1.351631E-08
         3   8  1.793408E+01 -2.107636E-02 -2.054838E-02  1.573918E-03 -4.032465E-03 -1.351546E-08
         4   1  1.798441E+01 -5.605834E-03 -2.674019E-02  1.944419E-03 -9.114469E-04 -3.773610E-09
         4   2  1.800070E+01  2.911644E-03  7.032893E-03  1.944426E-03 -9.114754E-04 -3.773644E-09
         4   3  1.798441E+01 -5.605834E-03 -2.674019E-02 -1.944419E-03 -9.114469E-04  3.773609E-09
         4   4  1.800070E+01  2.911644E-03  7.032893E-03 -1.944426E-03 -9.114754E-04  3.773643E-09
         4   5  1.798441E+01 -5.605834E-03 -2.674019E-02  1.944419E-03  9.114469E-04  3.773608E-09
         4   6  1.800070E+01  2.911644E-03  7.032893E-03  1.944426E-03  9.114754E-04  3.773641E-09
         4   7  1.798441E+01 -5.605834E-03 -2.674019E-02 -1.944419E-03  9.114469E-04 -3.773608E-09
         4   8  1.800070E+01  2.911644E-03  7.032893E-03 -1.944426E-03  9.114754E-04 -3.773640E-09

 strains (elem, integ.pnt.,exx,eyy,ezz,exy,exz,eyz) for set ALL and time  0.6750000E+00

         1   1  5.631088E-03 -6.095219E-04 -6.523253E-04  4.161843E-04  8.908022E-05  1.785992E-19
         1   2  5.631088E-03 -2.272872E-03 -2.432341E-03  4.154906E-04  8.892130E-05  3.986699E-19
         1   3  5.631088E-03 -6.095219E-04 -6.523253E-04 -4.161843E-04  8.908022E-05  1.515107E-19
         1   4  5.631088E-03 -2.272872E-03 -2.432341E-03 -4.154906E-04  8.892130E-05  9.395375E-19
         1   5  5.631088E-03 -6.095219E-04 -6.523253E-04  4.161843E-04 -8.908022E-05  1.252698E-19
         1   6  5.631088E-03 -2.272872E-03 -2.432341E-03  4.154906E-04 -8.892130E-05  3.107930E-19
         1   7  5.631088E-03 -6.095219E-04 -6.523253E-04 -4.161843E-04 -8.908022E-05  1.252698E-19
         1   8  5.631088E-03 -2.272872E-03 -2.432341E-03 -4.154906E-04 -8.892130E-05  8.516606E-19
         2   1  7.260544E-03 -2.843231E-03 -2.989000E-03 -2.580163E-05 -1.285180E-05  3.611120E-19
         2   2  7.260544E-03 -2.740019E-03 -2.731930E-03 -2.580431E-05 -1.285512E-05  4.544944E-19
         2   3  7.260544E-03 -2.843231E-03 -2.989000E-03  2.580163E-05 -1.285180E-05  9.016696E-19
         2   4  7.260544E-03 -2.740019E-03 -2.731930E-03  2.580431E-05 -1.285512E-05  5.220713E-19
         2   5  7.260544E-03 -2.843231E-03 -2.989000E-03 -2.580163E-05  1.285180E-05  2.834183E-19
         2   6  7.260544E-03 -2.740019E-03 -2.731930E-03 -2.580431E-05  1.285512E-05  3.683350E-19
         2   7  7.260544E-03 -2.843231E-03 -2.989000E-03  2.580163E-05  1.285180E-05  8.374878E-19
         2   8  7.260544E-03 -2.740019E-03 -2.731930E-03  2.580431E-05  1.285512E-05  2.669697E-19
         3   1  7.091240E-03 -2.700994E-03 -2.653758E-03 -8.497467E-07  2.177201E-06 -1.652949E-19
         3   2  7.091240E-03 -2.697595E-03 -2.697301E-03 -8.497496E-07  2.177105E-06 -1.942898E-19
         3   3  7.091240E-03 -2.700994E-03 -2.653758E-03  8.497467E-07  2.177201E-06  1.590861E-19
         3   4  7.091240E-03 -2.697595E-03 -2.697301E-03  8.497496E-07  2.177105E-06  5.651359E-19
         3   5  7.091240E-03 -2.700994E-03 -2.653758E-03 -8.497467E-07 -2.177201E-06 -3.781646E-19
         3   6  7.091240E-03 -2.697595E-03 -2.697301E-03 -8.497496E-07 -2.177105E-06  1.655716E-19
         3   7  7.091240E-03 -2.700994E-03 -2.653758E-03  8.497467E-07 -2.177201E-06  7.166217E-19
         3   8  7.091240E-03 -2.697595E-03 -2.697301E-03  8.497496E-07 -2.177105E-06  3.818263E-19
         4   1  7.109485E-03 -2.697888E-03 -2.709637E-03  1.049712E-06 -4.920584E-07 -5.474136E-19
         4   2  7.109485E-03 -2.702086E-03 -2.699795E-03  1.049708E-06 -4.920632E-07 -1.069461E-18
         4   3  7.109485E-03 -2.697888E-03 -2.709637E-03 -1.049712E-06 -4.920584E-07  3.176049E-19
         4   4  7.109485E-03 -2.702086E-03 -2.699795E-03 -1.049708E-06 -4.920632E-07  4.139047E-19
         4   5  7.109485E-03 -2.697888E-03 -2.709637E-03  1.049712E-06  4.920584E-07 -4.325284E-19
         4   6  7.109485E-03 -2.702086E-03 -2.699795E-03  1.049708E-06  4.920632E-07 -6.082321E-19
         4   7  7.109485E-03 -2.697888E-03 -2.709637E-03 -1.049712E-06  4.920584E-07  3.243628E-19
         4   8  7.109485E-03 -2.702086E-03 -2.699795E-03 -1.049708E-06  4.920632E-07  1.152208E-18

                                INCREMENT     9


 forces (fx,fy,fz) for set RIGHT and time  0.7750000E+00

        17  2.572175E+01 -1.914395E-15 -3.689925E-15
        18  2.572175E+01  4.702211E-15 -1.159258E-14
        19  2.572175E+01 -8.262025E-17  2.686271E-14
        20  2.572175E+01 -8.415931E-16 -5.172261E-15

 displacements (vx,vy,vz) for set RIGHT and time  0.7750000E+00

        17  1.550000E-01  7.776099E-03  1.550930E-03
        18  1.550000E-01 -7.776099E-03  1.550930E-03
        19  1.550000E-01 -7.776099E-03 -1.550930E-03
        20  1.550000E-01  7.776099E-03 -1.550930E-03

 stresses (elem, integ.pnt.,sxx,syy,szz,sxy,sxz,syz) for set ALL and time  0.7750000E+00

         1   1  2.632528E+01  1.304804E+01  1.295638E+01  8.918346E-01  1.909165E-01  3.579598E-04
         1   2  1.494849E+01 -1.665619E+00 -1.997202E+00  8.811351E-01  1.885756E-01  3.557580E-04
         1   3  2.632528E+01  1.304804E+01  1.295638E+01 -8.918346E-01  1.909165E-01 -3.579598E-04
         1   4  1.494849E+01 -1.665619E+00 -1.997202E+00 -8.811351E-01  1.885756E-01 -3.557580E-04
         1   5  2.632528E+01  1.304804E+01  1.295638E+01  8.918346E-01 -1.909165E-01 -3.579598E-04
         1   6  1.494849E+01 -1.665619E+00 -1.997202E+00  8.811351E-01 -1.885756E-01 -3.557580E-04
         1   7  2.632528E+01  1.304804E+01  1.295638E+01 -8.918346E-01 -1.909165E-01  3.579598E-04
         1   8  1.494849E+01 -1.665619E+00 -1.997202E+00 -8.811351E-01 -1.885756E-01  3.557580E-04
         2   1  2.011309E+01 -1.201872E+00 -1.503109E+00 -5.504634E-02 -2.746403E-02  3.204314E-06
         2   2  2.131041E+01  1.897437E-01  2.064602E-01 -5.510733E-02 -2.750406E-02  3.206392E-06
         2   3  2.011309E+01 -1.201872E+00 -1.503109E+00  5.504634E-02 -2.746403E-02 -3.204314E-06
         2   4  2.131041E+01  1.897437E-01  2.064602E-01  5.510733E-02 -2.750406E-02 -3.206392E-06
         2   5  2.011309E+01 -1.201872E+00 -1.503109E+00 -5.504634E-02  2.746403E-02 -3.204314E-06
         2   6  2.131041E+01  1.897437E-01  2.064602E-01 -5.510733E-02  2.750406E-02 -3.206392E-06
         2   7  2.011309E+01 -1.201872E+00 -1.503109E+00  5.504634E-02  2.746403E-02  3.204314E-06
         2   8  2.131041E+01  1.897437E-01  2.064602E-01  5.510733E-02  2.750406E-02  3.206392E-06
         3   1  2.077196E+01  1.001738E-01  1.979522E-01 -1.825005E-03  4.658833E-03 -1.800553E-08
         3   2  2.063849E+01 -2.422547E-02 -2.361020E-02 -1.824842E-03  4.657920E-03 -1.800423E-08
         3   3  2.077196E+01  1.001738E-01  1.979522E-01  1.825005E-03  4.658833E-03  1.800553E-08
         3   4  2.063849E+01 -2.422547E-02 -2.361020E-02  1.824842E-03  4.657920E-03  1.800423E-08
         3   5  2.077196E+01  1.001738E-01  1.979522E-01 -1.825005E-03 -4.658833E-03  1.800553E-08
         3   6  2.063849E+01 -2.422547E-02 -2.361020E-02 -1.824842E-03 -4.657920E-03  1.800423E-08
         3   7  2.077196E+01  1.001738E-01  1.979522E-01  1.825005E-03 -4.658833E-03 -1.800553E-08
         3   8  2.063849E+01 -2.422547E-02 -2.361020E-02  1.824842E-03 -4.657920E-03 -1.800423E-08
         4   1  2.069655E+01 -6.462559E-03 -3.077162E-02  2.244477E-03 -1.053062E-03 -5.005848E-09
         4   2  2.071534E+01  3.356372E-03  8.092810E-03  2.244487E-03 -1.053100E-03 -5.005901E-09
         4   3  2.069655E+01 -6.462559E-03 -3.077162E-02 -2.244477E-03 -1.053062E-03  5.005848E-09
         4   4  2.071534E+01  3.356372E-03  8.092810E-03 -2.244487E-03 -1.053100E-03  5.005900E-09
         4   5  2.069655E+01 -6.462559E-03 -3.077162E-02  2.244477E-03  1.053062E-03  5.005848E-09
         4   6  2.071534E+01  3.356372E-03  8.092810E-03  2.244487E-03  1.053100E-03  5.005899E-09
         4   7  2.069655E+01 -6.462559E-03 -3.077162E-02 -2.244477E-03  1.053062E-03 -5.005849E-09
         4   8  2.071534E+01  3.356372E-03  8.092810E-03 -2.244487E-03  1.053100E-03 -5.005899E-09

 strains (elem, integ.pnt.,exx,eyy,ezz,exy,exz,eyz) for set ALL and time  0.7750000E+00

         1   1  6.469585E-03 -7.002582E-04 -7.495806E-04  4.781177E-04  1.023562E-04  2.375265E-20
         1   2  6.469585E-03 -2.610897E-03 -2.794606E-03  4.772020E-04  1.021464E-04 -1.580975E-19
         1   3  6.469585E-03 -7.002582E-04 -7.495806E-04 -4.781177E-04  1.023562E-04 -8.459162E-20
         1   4  6.469585E-03 -2.610897E-03 -2.794606E-03 -4.772020E-04  1.021464E-04 -4.825079E-19
         1   5  6.469585E-03 -7.002582E-04 -7.495806E-04  4.781177E-04 -1.023562E-04  1.016226E-19
         1   6  6.469585E-03 -2.610897E-03 -2.794606E-03  4.772020E-04 -1.021464E-04  2.772821E-20
         1   7  6.469585E-03 -7.002582E-04 -7.495806E-04 -4.781177E-04 -1.023562E-04 -3.380775E-20
         1   8  6.469585E-03 -2.610897E-03 -2.794606E-03 -4.772020E-04 -1.021464E-04 -2.966821E-19
         2   1  8.340088E-03 -3.265946E-03 -3.433861E-03 -2.962869E-05 -1.478491E-05 -1.409535E-19
         2   2  8.340088E-03 -3.147424E-03 -3.138119E-03 -2.963222E-05 -1.478931E-05 -4.171700E-19
         2   3  8.340088E-03 -3.265946E-03 -3.433861E-03  2.962869E-05 -1.478491E-05 -4.786561E-19
         2   4  8.340088E-03 -3.147424E-03 -3.138119E-03  2.963222E-05 -1.478931E-05 -2.145228E-19
         2   5  8.340088E-03 -3.265946E-03 -3.433861E-03 -2.962869E-05  1.478491E-05 -3.967746E-20
         2   6  8.340088E-03 -3.147424E-03 -3.138119E-03 -2.963222E-05  1.478931E-05 -6.084782E-20
         2   7  8.340088E-03 -3.265946E-03 -3.433861E-03  2.962869E-05  1.478491E-05 -2.693145E-19
         2   8  8.340088E-03 -3.147424E-03 -3.138119E-03  2.963222E-05  1.478931E-05 -2.707350E-20
         3   1  8.145545E-03 -3.102601E-03 -3.048198E-03 -9.819883E-07  2.506667E-06 -1.488002E-19
         3   2  8.145545E-03 -3.098673E-03 -3.098330E-03 -9.819921E-07  2.506540E-06 -7.599504E-20
         3   3  8.145545E-03 -3.102601E-03 -3.048198E-03  9.819883E-07  2.506667E-06  4.372192E-20
         3   4  8.145545E-03 -3.098673E-03 -3.098330E-03  9.819921E-07  2.506540E-06 -3.039722E-20
         3   5  8.145545E-03 -3.102601E-03 -3.048198E-03 -9.819883E-07 -2.506667E-06 -1.352890E-19
         3   6  8.145545E-03 -3.098673E-03 -3.098330E-03 -9.819921E-07 -2.506540E-06 -4.998860E-19
         3   7  8.145545E-03 -3.102601E-03 -3.048198E-03  9.819883E-07 -2.506667E-06  8.087759E-20
         3   8  8.145545E-03 -3.098673E-03 -3.098330E-03  9.819921E-07 -2.506540E-06 -3.107394E-19
         4   1  8.166528E-03 -3.099003E-03 -3.112531E-03  1.207717E-06 -5.666432E-07  9.786271E-20
         4   2  8.166528E-03 -3.103834E-03 -3.101198E-03  1.207711E-06 -5.666496E-07 -8.139846E-19
         4   3  8.166528E-03 -3.099003E-03 -3.112531E-03 -1.207717E-06 -5.666432E-07 -1.022099E-20
         4   4  8.166528E-03 -3.103834E-03 -3.101198E-03 -1.207711E-06 -5.666496E-07  6.290947E-19
         4   5  8.166528E-03 -3.099003E-03 -3.112531E-03  1.207717E-06  5.666432E-07 -4.189113E-19
         4   6  8.166528E-03 -3.103834E-03 -3.101198E-03  1.207711E-06  5.666496E-07 -4.188057E-19
         4   7  8.166528E-03 -3.099003E-03 -3.112531E-03 -1.207717E-06  5.666432E-07 -9.466023E-20
         4   8  8.166528E-03 -3.103834E-03 -3.101198E-03 -1.207711E-06  5.666496E-07  4.255941E-19

                                INCREMENT    10


 forces (fx,fy,fz) for set RIGHT and time  0.8750000E+00

        17  2.908436E+01 -2.791966E-15 -8.767580E-15
        18  2.908436E+01 -8.697172E-15 -1.918631E-16
        19  2.908436E+01  1.045874E-14  1.933932E-14
        20  2.908436E+01 -5.696324E-15  1.827207E-14

 displacements (vx,vy,vz) for set RIGHT and time  0.8750000E+00

        17  1.750000E-01  8.785321E-03  1.752207E-03
        18  1.750000E-01 -8.785321E-03  1.752207E-03
        19  1.750000E-01 -8.785321E-03 -1.752207E-03
        20  1.750000E-01  8.785321E-03 -1.752207E-03

 stresses (elem, integ.pnt.,sxx,syy,szz,sxy,sxz,syz) for set ALL and time  0.8750000E+00

         1   1  2.977159E+01  1.472923E+01  1.462504E+01  1.011266E+00  2.165239E-01  4.574649E-04
         1   2  1.691545E+01 -1.878094E+00 -2.253538E+00  9.976175E-01  2.135371E-01  4.542937E-04
         1   3  2.977159E+01  1.472923E+01  1.462504E+01 -1.011266E+00  2.165239E-01 -4.574649E-04
         1   4  1.691545E+01 -1.878094E+00 -2.253538E+00 -9.976175E-01  2.135371E-01 -4.542937E-04
         1   5  2.977159E+01  1.472923E+01  1.462504E+01  1.011266E+00 -2.165239E-01 -4.574649E-04
         1   6  1.691545E+01 -1.878094E+00 -2.253538E+00  9.976175E-01 -2.135371E-01 -4.542937E-04
         1   7  2.977159E+01  1.472923E+01  1.462504E+01 -1.011266E+00 -2.165239E-01  4.574649E-04
         1   8  1.691545E+01 -1.878094E+00 -2.253538E+00 -9.976175E-01 -2.135371E-01  4.542937E-04
         2   1  2.276168E+01 -1.357392E+00 -1.698188E+00 -6.236061E-02 -3.116952E-02  4.098262E-06
         2   2  2.411678E+01  2.141314E-01  2.330210E-01 -6.243847E-02 -3.122076E-02  4.101262E-06
         2   3  2.276168E+01 -1.357392E+00 -1.698188E+00  6.236061E-02 -3.116952E-02 -4.098262E-06
         2   4  2.411678E+01  2.141314E-01  2.330210E-01  6.243847E-02 -3.122076E-02 -4.101262E-06
         2   5  2.276168E+01 -1.357392E+00 -1.698188E+00 -6.236061E-02  3.116952E-02 -4.098262E-06
         2   6  2.411678E+01  2.141314E-01  2.330210E-01 -6.243847E-02  3.122076E-02 -4.101262E-06
         2   7  2.276168E+01 -1.357392E+00 -1.698188E+00  6.236061E-02  3.116952E-02  4.098262E-06
         2   8  2.411678E+01  2.141314E-01  2.330210E-01  6.243847E-02  3.122076E-02  4.101262E-06
         3   1  2.350648E+01  1.132321E-01  2.238580E-01 -2.080789E-03  5.291931E-03 -2.319403E-08
         3   2  2.335529E+01 -2.738135E-02 -2.667636E-02 -2.080578E-03  5.290759E-03 -2.319213E-08
         3   3  2.350648E+01  1.132321E-01  2.238580E-01  2.080789E-03  5.291931E-03  2.319403E-08
         3   4  2.335529E+01 -2.738135E-02 -2.667636E-02  2.080578E-03  5.290759E-03  2.319213E-08
         3   5  2.350648E+01  1.132321E-01  2.238580E-01 -2.080789E-03 -5.291931E-03  2.319403E-08
         3   6  2.335529E+01 -2.738135E-02 -2.667636E-02 -2.080578E-03 -5.290759E-03  2.319213E-08
         3   7  2.350648E+01  1.132321E-01  2.238580E-01  2.080789E-03 -5.291931E-03 -2.319403E-08
         3   8  2.335529E+01 -2.738135E-02 -2.667636E-02  2.080578E-03 -5.290759E-03 -2.319213E-08
         4   1  2.342115E+01 -7.325903E-03 -3.482087E-02  2.547696E-03 -1.196412E-03 -6.421136E-09
         4   2  2.344246E+01  3.804534E-03  9.157311E-03  2.547709E-03 -1.196460E-03 -6.421210E-09
         4   3  2.342115E+01 -7.325903E-03 -3.482087E-02 -2.547696E-03 -1.196412E-03  6.421135E-09
         4   4  2.344246E+01  3.804534E-03  9.157311E-03 -2.547709E-03 -1.196460E-03  6.421212E-09
         4   5  2.342115E+01 -7.325903E-03 -3.482087E-02  2.547696E-03  1.196412E-03  6.421132E-09
         4   6  2.344246E+01  3.804534E-03  9.157311E-03  2.547709E-03  1.196460E-03  6.421207E-09
         4   7  2.342115E+01 -7.325903E-03 -3.482087E-02 -2.547696E-03  1.196412E-03 -6.421133E-09
         4   8  2.344246E+01  3.804534E-03  9.157311E-03 -2.547709E-03  1.196460E-03 -6.421204E-09

 strains (elem, integ.pnt.,exx,eyy,ezz,exy,exz,eyz) for set ALL and time  0.8750000E+00

         1   1  7.309178E-03 -7.911070E-04 -8.469950E-04  5.401223E-04  1.156526E-04  1.625183E-19
         1   2  7.309178E-03 -2.949259E-03 -3.157368E-03  5.389535E-04  1.153847E-04  6.150521E-19
         1   3  7.309178E-03 -7.911070E-04 -8.469950E-04 -5.401223E-04  1.156526E-04 -1.895685E-19
         1   4  7.309178E-03 -2.949259E-03 -3.157368E-03 -5.389535E-04  1.153847E-04 -6.821478E-19
         1   5  7.309178E-03 -7.911070E-04 -8.469950E-04  5.401223E-04 -1.156526E-04  1.015851E-19
         1   6  7.309178E-03 -2.949259E-03 -3.157368E-03  5.389535E-04 -1.153847E-04  2.705555E-19
         1   7  7.309178E-03 -7.911070E-04 -8.469950E-04 -5.401223E-04 -1.156526E-04 -3.859197E-19
         1   8  7.309178E-03 -2.949259E-03 -3.157368E-03 -5.389535E-04 -1.153847E-04 -9.996250E-19
         2   1  9.420642E-03 -3.689045E-03 -3.879252E-03 -3.345650E-05 -1.672552E-05  1.149143E-19
         2   2  9.420642E-03 -3.555210E-03 -3.544685E-03 -3.346101E-05 -1.673116E-05 -5.053271E-21
         2   3  9.420642E-03 -3.689045E-03 -3.879252E-03  3.345650E-05 -1.672552E-05 -3.171637E-19
         2   4  9.420642E-03 -3.555210E-03 -3.544685E-03  3.346101E-05 -1.673116E-05  3.545936E-20
         2   5  9.420642E-03 -3.689045E-03 -3.879252E-03 -3.345650E-05  1.672552E-05  5.422711E-20
         2   6  9.420642E-03 -3.555210E-03 -3.544685E-03 -3.346101E-05  1.673116E-05 -5.874266E-19
         2   7  9.420642E-03 -3.689045E-03 -3.879252E-03  3.345650E-05  1.672552E-05 -7.019095E-19
         2   8  9.420642E-03 -3.555210E-03 -3.544685E-03  3.346101E-05  1.673116E-05 -1.755469E-19
         3   1  9.200819E-03 -3.504585E-03 -3.442972E-03 -1.115935E-06  2.837916E-06 -2.562479E-19
         3   2  9.200819E-03 -3.500121E-03 -3.499729E-03 -1.115940E-06  2.837754E-06 -3.646288E-19
         3   3  9.200819E-03 -3.504585E-03 -3.442972E-03  1.115935E-06  2.837916E-06 -4.016878E-20
         3   4  9.200819E-03 -3.500121E-03 -3.499729E-03  1.115940E-06  2.837754E-06  9.285338E-20
         3   5  9.200819E-03 -3.504585E-03 -3.442972E-03 -1.115935E-06 -2.837916E-06 -3.372827E-19
         3   6  9.200819E-03 -3.500121E-03 -3.499729E-03 -1.115940E-06 -2.837754E-06 -2.667175E-19
         3   7  9.200819E-03 -3.504585E-03 -3.442972E-03  1.115935E-06 -2.837916E-06 -1.347093E-19
         3   8  9.200819E-03 -3.500121E-03 -3.499729E-03  1.115940E-06 -2.837754E-06 -2.126974E-19
         4   1  9.224550E-03 -3.500488E-03 -3.515805E-03  1.366367E-06 -6.416627E-07 -8.410251E-19
         4   2  9.224550E-03 -3.505953E-03 -3.502972E-03  1.366360E-06 -6.416710E-07 -1.186665E-18
         4   3  9.224550E-03 -3.500488E-03 -3.515805E-03 -1.366367E-06 -6.416627E-07  3.474152E-19
         4   4  9.224550E-03 -3.505953E-03 -3.502972E-03 -1.366360E-06 -6.416710E-07  2.100097E-18
         4   5  9.224550E-03 -3.500488E-03 -3.515805E-03  1.366367E-06  6.416627E-07 -8.781666E-19
         4   6  9.224550E-03 -3.505953E-03 -3.502972E-03  1.366360E-06  6.416710E-07 -4.557097E-19
         4   7  9.224550E-03 -3.500488E-03 -3.515805E-03 -1.366367E-06  6.416627E-07  5.398585E-19
         4   8  9.224550E-03 -3.505953E-03 -3.502972E-03 -1.366360E-06  6.416710E-07  2.022445E-18

                                INCREMENT    11


 forces (fx,fy,fz) for set RIGHT and time  0.9750000E+00

        17  3.245698E+01 -9.863932E-16 -8.883827E-15
        18  3.245698E+01 -3.451370E-16 -1.593880E-14
        19  3.245698E+01  5.793429E-15 -2.501429E-14
        20  3.245698E+01 -7.646641E-15 -2.541726E-15

 displacements (vx,vy,vz) for set RIGHT and time  0.9750000E+00

        17  1.950000E-01  9.795887E-03  1.953750E-03
        18  1.950000E-01 -9.795887E-03  1.953750E-03
        19  1.950000E-01 -9.795887E-03 -1.953750E-03
        20  1.950000E-01  9.795887E-03 -1.953750E-03

 stresses (elem, integ.pnt.,sxx,syy,szz,sxy,sxz,syz) for set ALL and time  0.9750000E+00

         1   1  3.322927E+01  1.640987E+01  1.629297E+01  1.131704E+00  2.423569E-01  5.694578E-04
         1   2  1.889122E+01 -2.090017E+00 -2.509569E+00  1.114747E+00  2.386447E-01  5.650670E-04
         1   3  3.322927E+01  1.640987E+01  1.629297E+01 -1.131704E+00  2.423569E-01 -5.694578E-04
         1   4  1.889122E+01 -2.090017E+00 -2.509569E+00 -1.114747E+00  2.386447E-01 -5.650670E-04
         1   5  3.322927E+01  1.640987E+01  1.629297E+01  1.131704E+00 -2.423569E-01 -5.694578E-04
         1   6  1.889122E+01 -2.090017E+00 -2.509569E+00  1.114747E+00 -2.386447E-01 -5.650670E-04
         1   7  3.322927E+01  1.640987E+01  1.629297E+01 -1.131704E+00 -2.423569E-01  5.694578E-04
         1   8  1.889122E+01 -2.090017E+00 -2.509569E+00 -1.114747E+00 -2.386447E-01  5.650670E-04
         2   1  2.542263E+01 -1.513003E+00 -1.893516E+00 -6.972313E-02 -3.491276E-02  5.105510E-06
         2   2  2.693625E+01  2.384970E-01  2.595629E-01 -6.981995E-02 -3.497663E-02  5.109673E-06
         2   3  2.542263E+01 -1.513003E+00 -1.893516E+00  6.972313E-02 -3.491276E-02 -5.105510E-06
         2   4  2.693625E+01  2.384970E-01  2.595629E-01  6.981995E-02 -3.497663E-02 -5.109673E-06
         2   5  2.542263E+01 -1.513003E+00 -1.893516E+00 -6.972313E-02  3.491276E-02 -5.105510E-06
         2   6  2.693625E+01  2.384970E-01  2.595629E-01 -6.981995E-02  3.497663E-02 -5.109673E-06
         2   7  2.542263E+01 -1.513003E+00 -1.893516E+00  6.972313E-02  3.491276E-02  5.105510E-06
         2   8  2.693625E+01  2.384970E-01  2.595629E-01  6.981995E-02  3.497663E-02  5.109673E-06
         3   1  2.625355E+01  1.263188E-01  2.498454E-01 -2.341472E-03  5.932497E-03 -2.910261E-08
         3   2  2.608451E+01 -3.054396E-02 -2.974678E-02 -2.341208E-03  5.931034E-03 -2.909996E-08
         3   3  2.625355E+01  1.263188E-01  2.498454E-01  2.341472E-03  5.932497E-03  2.910261E-08
         3   4  2.608451E+01 -3.054396E-02 -2.974678E-02  2.341208E-03  5.931034E-03  2.909996E-08
         3   5  2.625355E+01  1.263188E-01  2.498454E-01 -2.341472E-03 -5.932497E-03  2.910261E-08
         3   6  2.608451E+01 -3.054396E-02 -2.974678E-02 -2.341208E-03 -5.931034E-03  2.909996E-08
         3   7  2.625355E+01  1.263188E-01  2.498454E-01  2.341472E-03 -5.932497E-03 -2.910261E-08
         3   8  2.608451E+01 -3.054396E-02 -2.974678E-02  2.341208E-03 -5.931034E-03 -2.909996E-08
         4   1  2.615825E+01 -8.195817E-03 -3.888787E-02  2.854099E-03 -1.341508E-03 -8.022738E-09
         4   2  2.618210E+01  4.256125E-03  1.022638E-02  2.854114E-03 -1.341569E-03 -8.022842E-09
         4   3  2.615825E+01 -8.195817E-03 -3.888787E-02 -2.854099E-03 -1.341508E-03  8.022738E-09
         4   4  2.618210E+01  4.256125E-03  1.022638E-02 -2.854114E-03 -1.341569E-03  8.022841E-09
         4   5  2.615825E+01 -8.195817E-03 -3.888787E-02  2.854099E-03  1.341508E-03  8.022737E-09
         4   6  2.618210E+01  4.256125E-03  1.022638E-02  2.854114E-03  1.341569E-03  8.022838E-09
         4   7  2.615825E+01 -8.195817E-03 -3.888787E-02 -2.854099E-03  1.341508E-03 -8.022738E-09
         4   8  2.618210E+01  4.256125E-03  1.022638E-02 -2.854114E-03  1.341569E-03 -8.022839E-09

 strains (elem, integ.pnt.,exx,eyy,ezz,exy,exz,eyz) for set ALL and time  0.9750000E+00

         1   1  8.149867E-03 -8.820685E-04 -9.445687E-04  6.021980E-04  1.289695E-04  2.554636E-20
         1   2  8.149867E-03 -3.287954E-03 -3.520625E-03  6.007449E-04  1.286362E-04 -3.219873E-19
         1   3  8.149867E-03 -8.820685E-04 -9.445687E-04 -6.021980E-04  1.289695E-04  7.970863E-20
         1   4  8.149867E-03 -3.287954E-03 -3.520625E-03 -6.007449E-04  1.286362E-04  1.102653E-19
         1   5  8.149867E-03 -8.820685E-04 -9.445687E-04  6.021980E-04 -1.289695E-04  1.370080E-20
         1   6  8.149867E-03 -3.287954E-03 -3.520625E-03  6.007449E-04 -1.286362E-04 -4.570345E-19
         1   7  8.149867E-03 -8.820685E-04 -9.445687E-04 -6.021980E-04 -1.289695E-04  4.078194E-20
         1   8  8.149867E-03 -3.287954E-03 -3.520625E-03 -6.007449E-04 -1.286362E-04  2.227506E-21
         2   1  1.050221E-02 -4.112529E-03 -4.325170E-03 -3.728492E-05 -1.867363E-05 -1.739292E-20
         2   2  1.050221E-02 -3.963378E-03 -3.951627E-03 -3.729053E-05 -1.868066E-05 -3.563630E-20
         2   3  1.050221E-02 -4.112529E-03 -4.325170E-03  3.728492E-05 -1.867363E-05  9.058050E-20
         2   4  1.050221E-02 -3.963378E-03 -3.951627E-03  3.729053E-05 -1.868066E-05  1.128496E-19
         2   5  1.050221E-02 -4.112529E-03 -4.325170E-03 -3.728492E-05  1.867363E-05 -2.940618E-19
         2   6  1.050221E-02 -3.963378E-03 -3.951627E-03 -3.729053E-05  1.868066E-05  1.955311E-19
         2   7  1.050221E-02 -4.112529E-03 -4.325170E-03  3.728492E-05  1.867363E-05  2.870907E-21
         2   8  1.050221E-02 -3.963378E-03 -3.951627E-03  3.729053E-05  1.868066E-05  7.152314E-19
         3   1  1.025706E-02 -3.906947E-03 -3.838079E-03 -1.251610E-06  3.170947E-06  4.106607E-19
         3   2  1.025706E-02 -3.901941E-03 -3.901496E-03 -1.251616E-06  3.170745E-06 -1.181243E-19
         3   3  1.025706E-02 -3.906947E-03 -3.838079E-03  1.251610E-06  3.170947E-06 -1.229527E-18
         3   4  1.025706E-02 -3.901941E-03 -3.901496E-03  1.251616E-06  3.170745E-06  3.729216E-19
         3   5  1.025706E-02 -3.906947E-03 -3.838079E-03 -1.251610E-06 -3.170947E-06  6.604183E-19
         3   6  1.025706E-02 -3.901941E-03 -3.901496E-03 -1.251616E-06 -3.170745E-06  8.099404E-20
         3   7  1.025706E-02 -3.906947E-03 -3.838079E-03  1.251610E-06 -3.170947E-06 -1.090527E-19
         3   8  1.025706E-02 -3.901941E-03 -3.901496E-03  1.251616E-06 -3.170745E-06  1.619913E-19
         4   1  1.028355E-02 -3.902342E-03 -3.919458E-03  1.525663E-06 -7.171169E-07 -3.575937E-19
         4   2  1.028355E-02 -3.908444E-03 -3.905115E-03  1.525654E-06 -7.171272E-07 -6.716627E-19
         4   3  1.028355E-02 -3.902342E-03 -3.919458E-03 -1.525663E-06 -7.171169E-07  2.903841E-19
         4   4  1.028355E-02 -3.908444E-03 -3.905115E-03 -1.525654E-06 -7.171272E-07  4.133558E-19
         4   5  1.028355E-02 -3.902342E-03 -3.919458E-03  1.525663E-06  7.171169E-07 -4.588422E-19
         4   6  1.028355E-02 -3.908444E-03 -3.905115E-03  1.525654E-06  7.171272E-07 -1.255514E-18
         4   7  1.028355E-02 -3.902342E-03 -3.919458E-03 -1.525663E-06  7.171169E-07 -5.385563E-20
         4   8  1.028355E-02 -3.908444E-03 -3.905115E-03 -1.525654E-06  7.171272E-07  1.005645E-18

                                INCREMENT    12


 forces (fx,fy,fz) for set RIGHT and time  0.1000000E+01

        17  3.330170E+01 -1.198642E-15 -1.954296E-14
        18  3.330170E+01  1.013066E-15 -1.481465E-14
        19  3.330170E+01  5.340422E-15  2.313838E-14
        20  3.330170E+01  2.707341E-16 -3.175415E-15

 displacements (vx,vy,vz) for set RIGHT and time  0.1000000E+01

        17  2.000000E-01  1.004874E-02  2.004177E-03
        18  2.000000E-01 -1.004874E-02  2.004177E-03
        19  2.000000E-01 -1.004874E-02 -2.004177E-03
        20  2.000000E-01  1.004874E-02 -2.004177E-03

 stresses (elem, integ.pnt.,sxx,syy,szz,sxy,sxz,syz) for set ALL and time  0.1000000E+01

         1   1  3.409547E+01  1.682994E+01  1.670984E+01  1.161972E+00  2.488505E-01  5.994182E-04
         1   2  1.938655E+01 -2.142912E+00 -2.573530E+00  1.144131E+00  2.449446E-01  5.946800E-04
         1   3  3.409547E+01  1.682994E+01  1.670984E+01 -1.161972E+00  2.488505E-01 -5.994182E-04
         1   4  1.938655E+01 -2.142912E+00 -2.573530E+00 -1.144131E+00  2.449446E-01 -5.946800E-04
         1   5  3.409547E+01  1.682994E+01  1.670984E+01  1.161972E+00 -2.488505E-01 -5.994182E-04
         1   6  1.938655E+01 -2.142912E+00 -2.573530E+00  1.144131E+00 -2.449446E-01 -5.946800E-04
         1   7  3.409547E+01  1.682994E+01  1.670984E+01 -1.161972E+00 -2.488505E-01  5.994182E-04
         1   8  1.938655E+01 -2.142912E+00 -2.573530E+00 -1.144131E+00 -2.449446E-01  5.946800E-04
         2   1  2.608980E+01 -1.551919E+00 -1.942387E+00 -7.157130E-02 -3.585449E-02  5.375149E-06
         2   2  2.764317E+01  2.445849E-01  2.661954E-01 -7.167318E-02 -3.592176E-02  5.379645E-06
         2   3  2.608980E+01 -1.551919E+00 -1.942387E+00  7.157130E-02 -3.585449E-02 -5.375149E-06
         2   4  2.764317E+01  2.445849E-01  2.661954E-01  7.167318E-02 -3.592176E-02 -5.379645E-06
         2   5  2.608980E+01 -1.551919E+00 -1.942387E+00 -7.157130E-02  3.585449E-02 -5.375149E-06
         2   6  2.764317E+01  2.445849E-01  2.661954E-01 -7.167318E-02  3.592176E-02 -5.379645E-06
         2   7  2.608980E+01 -1.551919E+00 -1.942387E+00  7.157130E-02  3.585449E-02  5.375149E-06
         2   8  2.764317E+01  2.445849E-01  2.661954E-01  7.167318E-02  3.592176E-02  5.379645E-06
         3   1  2.694228E+01  1.295949E-01  2.563549E-01 -2.407418E-03  6.093812E-03 -3.069475E-08
         3   2  2.676876E+01 -3.133566E-02 -3.051504E-02 -2.407140E-03  6.092271E-03 -3.069189E-08
         3   3  2.694228E+01  1.295949E-01  2.563549E-01  2.407418E-03  6.093812E-03  3.069476E-08
         3   4  2.676876E+01 -3.133566E-02 -3.051504E-02  2.407140E-03  6.092271E-03  3.069189E-08
         3   5  2.694228E+01  1.295949E-01  2.563549E-01 -2.407418E-03 -6.093812E-03  3.069476E-08
         3   6  2.676876E+01 -3.133566E-02 -3.051504E-02 -2.407140E-03 -6.092271E-03  3.069189E-08
         3   7  2.694228E+01  1.295949E-01  2.563549E-01  2.407418E-03 -6.093812E-03 -3.069476E-08
         3   8  2.676876E+01 -3.133566E-02 -3.051504E-02  2.407140E-03 -6.092271E-03 -3.069189E-08
         4   1  2.684449E+01 -8.414316E-03 -3.990739E-02  2.931200E-03 -1.378056E-03 -8.452638E-09
         4   2  2.686897E+01  4.369558E-03  1.049435E-02  2.931216E-03 -1.378120E-03 -8.452749E-09
         4   3  2.684449E+01 -8.414316E-03 -3.990739E-02 -2.931200E-03 -1.378056E-03  8.452637E-09
         4   4  2.686897E+01  4.369558E-03  1.049435E-02 -2.931216E-03 -1.378120E-03  8.452749E-09
         4   5  2.684449E+01 -8.414316E-03 -3.990739E-02  2.931200E-03  1.378056E-03  8.452636E-09
         4   6  2.686897E+01  4.369558E-03  1.049435E-02  2.931216E-03  1.378120E-03  8.452747E-09
         4   7  2.684449E+01 -8.414316E-03 -3.990739E-02 -2.931200E-03  1.378056E-03 -8.452637E-09
         4   8  2.686897E+01  4.369558E-03  1.049435E-02 -2.931216E-03  1.378120E-03 -8.452747E-09

 strains (elem, integ.pnt.,exx,eyy,ezz,exy,exz,eyz) for set ALL and time  0.1000000E+01

         1   1  8.360211E-03 -9.048264E-04 -9.689870E-04  6.177281E-04  1.323019E-04 -3.355255E-21
         1   2  8.360211E-03 -3.372680E-03 -3.611517E-03  6.161990E-04  1.319511E-04 -2.359473E-19
         1   3  8.360211E-03 -9.048264E-04 -9.689870E-04 -6.177281E-04  1.323019E-04  7.788630E-20
         1   4  8.360211E-03 -3.372680E-03 -3.611517E-03 -6.161990E-04  1.319511E-04 -4.520552E-19
         1   5  8.360211E-03 -9.048264E-04 -9.689870E-04  6.177281E-04 -1.323019E-04  9.480879E-20
         1   6  8.360211E-03 -3.372680E-03 -3.611517E-03  6.161990E-04 -1.319511E-04 -2.664319E-20
         1   7  8.360211E-03 -9.048264E-04 -9.689870E-04 -6.177281E-04 -1.323019E-04  1.356724E-20
         1   8  8.360211E-03 -3.372680E-03 -3.611517E-03 -6.161990E-04 -1.319511E-04 -2.697580E-19
         2   1  1.077275E-02 -4.218460E-03 -4.436732E-03 -3.824211E-05 -1.916182E-05 -7.616950E-19
         2   2  1.077275E-02 -4.065480E-03 -4.053422E-03 -3.824801E-05 -1.916923E-05 -3.088386E-19
         2   3  1.077275E-02 -4.218460E-03 -4.436732E-03  3.824211E-05 -1.916182E-05  7.767559E-19
         2   4  1.077275E-02 -4.065480E-03 -4.053422E-03  3.824801E-05 -1.916923E-05  1.365727E-19
         2   5  1.077275E-02 -4.218460E-03 -4.436732E-03 -3.824211E-05  1.916182E-05 -1.321790E-18
         2   6  1.077275E-02 -4.065480E-03 -4.053422E-03 -3.824801E-05  1.916923E-05  5.330560E-19
         2   7  1.077275E-02 -4.218460E-03 -4.436732E-03  3.824211E-05  1.916182E-05  9.454092E-19
         2   8  1.077275E-02 -4.065480E-03 -4.053422E-03  3.824801E-05  1.916923E-05  1.078906E-19
         3   1  1.052128E-02 -4.007597E-03 -3.936908E-03 -1.285801E-06  3.254484E-06  3.166817E-19
         3   2  1.052128E-02 -4.002453E-03 -4.001996E-03 -1.285807E-06  3.254270E-06  4.403761E-19
         3   3  1.052128E-02 -4.007597E-03 -3.936908E-03  1.285801E-06  3.254484E-06  8.633555E-19
         3   4  1.052128E-02 -4.002453E-03 -4.001996E-03  1.285807E-06  3.254270E-06 -2.024745E-19
         3   5  1.052128E-02 -4.007597E-03 -3.936908E-03 -1.285801E-06 -3.254484E-06  2.019397E-19
         3   6  1.052128E-02 -4.002453E-03 -4.001996E-03 -1.285807E-06 -3.254270E-06  6.747147E-21
         3   7  1.052128E-02 -4.007597E-03 -3.936908E-03  1.285801E-06 -3.254484E-06 -1.220148E-19
         3   8  1.052128E-02 -4.002453E-03 -4.001996E-03  1.285807E-06 -3.254270E-06  6.546595E-19
         4   1  1.054845E-02 -4.002863E-03 -4.020430E-03  1.565588E-06 -7.360483E-07 -5.870682E-19
         4   2  1.054845E-02 -4.009125E-03 -4.005709E-03  1.565579E-06 -7.360592E-07 -4.269236E-19
         4   3  1.054845E-02 -4.002863E-03 -4.020430E-03 -1.565588E-06 -7.360483E-07 -1.551268E-19
         4   4  1.054845E-02 -4.009125E-03 -4.005709E-03 -1.565579E-06 -7.360592E-07  6.107417E-19
         4   5  1.054845E-02 -4.002863E-03 -4.020430E-03  1.565588E-06  7.360483E-07 -2.158674E-19
         4   6  1.054845E-02 -4.009125E-03 -4.005709E-03  1.565579E-06  7.360592E-07 -7.154451E-19
         4   7  1.054845E-02 -4.002863E-03 -4.020430E-03 -1.565588E-06  7.360483E-07 -2.428633E-19
         4   8  1.054845E-02 -4.009125E-03 -4.005709E-03 -1.565579E-06  7.360592E-07  6.411125E-19
