
                        S T E P       1


                                INCREMENT     1


 forces (fx,fy,fz) for set RIGHT and time  0.5000000E-01

        17  1.952969E+00 -5.924203E-11 -2.963895E-10
        18  1.952969E+00  5.924223E-11 -2.963882E-10
        19  1.952969E+00  5.924239E-11  2.963905E-10
        20  1.952969E+00 -5.924245E-11  2.963912E-10

 displacements (vx,vy,vz) for set RIGHT and time  0.5000000E-01

        17  1.000000E-02  4.689562E-04  9.347414E-05
        18  1.000000E-02 -4.689562E-04  9.347414E-05
        19  1.000000E-02 -4.689562E-04 -9.347414E-05
        20  1.000000E-02  4.689562E-04 -9.347414E-05

 stresses (elem, integ.pnt.,sxx,syy,szz,sxy,sxz,syz) for set ALL and time  0.5000000E-01

         1   1  1.908753E+00  8.667609E-01  8.600051E-01  6.510509E-02  1.394411E-02  1.641238E-06
         1   2  1.216573E+00 -8.489667E-02 -1.100648E-01  6.506486E-02  1.393526E-02  1.640723E-06
         1   3  1.908753E+00  8.667609E-01  8.600051E-01 -6.510509E-02  1.394411E-02 -1.641238E-06
         1   4  1.216573E+00 -8.489667E-02 -1.100648E-01 -6.506486E-02  1.393526E-02 -1.640723E-06
         1   5  1.908753E+00  8.667609E-01  8.600051E-01  6.510509E-02 -1.394411E-02 -1.641238E-06
         1   6  1.216573E+00 -8.489667E-02 -1.100648E-01  6.506486E-02 -1.393526E-02 -1.640723E-06
         1   7  1.908753E+00  8.667609E-01  8.600051E-01 -6.510509E-02 -1.394411E-02  1.641238E-06
         1   8  1.216573E+00 -8.489667E-02 -1.100648E-01 -6.506486E-02 -1.393526E-02  1.640723E-06
         2   1  1.518521E+00 -9.892758E-02 -1.217669E-01 -5.557321E-03 -2.351570E-03  2.363602E-08
         2   2  1.607464E+00  1.211828E-02  1.402723E-02 -5.557706E-03 -2.351786E-03  2.363697E-08
         2   3  1.518521E+00 -9.892758E-02 -1.217669E-01  5.557321E-03 -2.351570E-03 -2.363602E-08
         2   4  1.607464E+00  1.211828E-02  1.402723E-02  5.557706E-03 -2.351786E-03 -2.363697E-08
         2   5  1.518521E+00 -9.892758E-02 -1.217669E-01 -5.557321E-03  2.351570E-03 -2.363602E-08
         2   6  1.607464E+00  1.211828E-02  1.402723E-02 -5.557706E-03  2.351786E-03 -2.363697E-08
         2   7  1.518521E+00 -9.892758E-02 -1.217669E-01  5.557321E-03  2.351570E-03  2.363602E-08
         2   8  1.607464E+00  1.211828E-02  1.402723E-02  5.557706E-03  2.351786E-03  2.363697E-08
         3   1  1.568952E+00  1.071442E-02  1.871955E-02  1.530163E-04  4.363013E-04  1.207400E-10
         3   2  1.556961E+00 -1.876905E-03 -1.968586E-03  1.530152E-04  4.362950E-04  1.207393E-10
         3   3  1.568952E+00  1.071442E-02  1.871955E-02 -1.530163E-04  4.363013E-04 -1.207400E-10
         3   4  1.556961E+00 -1.876905E-03 -1.968586E-03 -1.530152E-04  4.362950E-04 -1.207393E-10
         3   5  1.568952E+00  1.071442E-02  1.871955E-02  1.530163E-04 -4.363013E-04 -1.207400E-10
         3   6  1.556961E+00 -1.876905E-03 -1.968586E-03  1.530152E-04 -4.362950E-04 -1.207394E-10
         3   7  1.568952E+00  1.071442E-02  1.871955E-02 -1.530163E-04 -4.363013E-04  1.207400E-10
         3   8  1.556961E+00 -1.876905E-03 -1.968586E-03 -1.530152E-04 -4.362950E-04  1.207394E-10
         4   1  1.561971E+00 -1.079470E-03 -3.193657E-03  1.292427E-04 -1.029782E-04 -2.407037E-11
         4   2  1.563952E+00  3.837883E-04  8.406716E-04  1.292428E-04 -1.029785E-04 -2.407048E-11
         4   3  1.561971E+00 -1.079470E-03 -3.193657E-03 -1.292427E-04 -1.029782E-04  2.407034E-11
         4   4  1.563952E+00  3.837883E-04  8.406716E-04 -1.292428E-04 -1.029785E-04  2.407041E-11
         4   5  1.561971E+00 -1.079470E-03 -3.193657E-03  1.292427E-04  1.029782E-04  2.407025E-11
         4   6  1.563952E+00  3.837883E-04  8.406716E-04  1.292428E-04  1.029785E-04  2.407025E-11
         4   7  1.561971E+00 -1.079470E-03 -3.193657E-03 -1.292427E-04  1.029782E-04 -2.407026E-11
         4   8  1.563952E+00  3.837883E-04  8.406716E-04 -1.292428E-04  1.029785E-04 -2.407026E-11

 strains (elem, integ.pnt.,exx,eyy,ezz,exy,exz,eyz) for set ALL and time  0.5000000E-01

         1   1  4.286220E-04 -4.313626E-05 -4.619450E-05  2.946198E-05  6.310141E-06  4.764320E-21
         1   2  4.286220E-04 -1.609772E-04 -1.723894E-04  2.945851E-05  6.309344E-06  8.891926E-21
         1   3  4.286220E-04 -4.313626E-05 -4.619450E-05 -2.946198E-05  6.310141E-06  4.764320E-21
         1   4  4.286220E-04 -1.609772E-04 -1.723894E-04 -2.945851E-05  6.309344E-06 -1.143359E-20
         1   5  4.286220E-04 -4.313626E-05 -4.619450E-05  2.946198E-05 -6.310141E-06  7.834677E-21
         1   6  4.286220E-04 -1.609772E-04 -1.723894E-04  2.945851E-05 -6.309344E-06  1.439669E-20
         1   7  4.286220E-04 -4.313626E-05 -4.619450E-05 -2.946198E-05 -6.310141E-06  6.140684E-21
         1   8  4.286220E-04 -1.609772E-04 -1.723894E-04 -2.945851E-05 -6.309344E-06 -5.928827E-21
         2   1  5.321940E-04 -2.004239E-04 -2.107842E-04 -2.515326E-06 -1.064367E-06  2.286359E-20
         2   2  5.321940E-04 -1.903625E-04 -1.894966E-04 -2.515352E-06 -1.064390E-06  1.894916E-20
         2   3  5.321940E-04 -2.004239E-04 -2.107842E-04  2.515326E-06 -1.064367E-06  3.385732E-21
         2   4  5.321940E-04 -1.903625E-04 -1.894966E-04  2.515352E-06 -1.064390E-06 -1.746632E-20
         2   5  5.321940E-04 -2.004239E-04 -2.107842E-04 -2.515326E-06  1.064367E-06  2.116981E-20
         2   6  5.321940E-04 -1.903625E-04 -1.894966E-04 -2.515352E-06  1.064390E-06  3.176174E-21
         2   7  5.321940E-04 -2.004239E-04 -2.107842E-04  2.515326E-06  1.064367E-06  8.466859E-21
         2   8  5.321940E-04 -1.903625E-04 -1.894966E-04  2.515352E-06  1.064390E-06 -1.418470E-20
         3   1  5.189856E-04 -1.867812E-04 -1.831503E-04  6.925623E-08  1.974722E-07 -4.231436E-21
         3   2  5.189856E-04 -1.870582E-04 -1.870998E-04  6.925621E-08  1.974714E-07 -1.635532E-20
         3   3  5.189856E-04 -1.867812E-04 -1.831503E-04 -6.925623E-08  1.974722E-07 -3.596278E-21
         3   4  5.189856E-04 -1.870582E-04 -1.870998E-04 -6.925621E-08  1.974714E-07  1.868411E-20
         3   5  5.189856E-04 -1.867812E-04 -1.831503E-04  6.925623E-08 -1.974722E-07 -7.618947E-21
         3   6  5.189856E-04 -1.870582E-04 -1.870998E-04  6.925621E-08 -1.974714E-07 -2.096020E-20
         3   7  5.189856E-04 -1.867812E-04 -1.831503E-04 -6.925623E-08 -1.974722E-07 -6.772069E-21
         3   8  5.189856E-04 -1.870582E-04 -1.870998E-04 -6.925621E-08 -1.974714E-07  3.662726E-20
         4   1  5.207038E-04 -1.872452E-04 -1.882042E-04  5.849619E-08 -4.660874E-08 -3.048895E-20
         4   2  5.207038E-04 -1.874792E-04 -1.872720E-04  5.849618E-08 -4.660879E-08 -6.706160E-20
         4   3  5.207038E-04 -1.872452E-04 -1.882042E-04 -5.849619E-08 -4.660874E-08  1.693601E-20
         4   4  5.207038E-04 -1.874792E-04 -1.872720E-04 -5.849618E-08 -4.660879E-08  3.546310E-20
         4   5  5.207038E-04 -1.872452E-04 -1.882042E-04  5.849619E-08  4.660874E-08 -2.371396E-20
         4   6  5.207038E-04 -1.874792E-04 -1.872720E-04  5.849618E-08  4.660879E-08 -3.429815E-20
         4   7  5.207038E-04 -1.872452E-04 -1.882042E-04 -5.849619E-08  4.660874E-08  2.286413E-20
         4   8  5.207038E-04 -1.874792E-04 -1.872720E-04 -5.849618E-08  4.660879E-08  3.027600E-20

                                INCREMENT     2


 forces (fx,fy,fz) for set RIGHT and time  0.1000000E+00

        17  3.908887E+00  9.130728E-16  1.342889E-15
        18  3.908887E+00 -1.077695E-15  1.153086E-15
        19  3.908887E+00 -1.293632E-16 -4.134975E-15
        20  3.908887E+00  6.011468E-18 -1.961675E-15

 displacements (vx,vy,vz) for set RIGHT and time  0.1000000E+00

        17  2.000000E-02  9.382212E-04  1.870091E-04
        18  2.000000E-02 -9.382212E-04  1.870091E-04
        19  2.000000E-02 -9.382212E-04 -1.870091E-04
        20  2.000000E-02  9.382212E-04 -1.870091E-04

 stresses (elem, integ.pnt.,sxx,syy,szz,sxy,sxz,syz) for set ALL and time  0.1000000E+00

         1   1  3.820690E+00  1.733342E+00  1.719787E+00  1.304778E-01  2.794808E-02  6.572706E-06
         1   2  2.435837E+00 -1.696510E-01 -2.200574E-01  1.303169E-01  2.791268E-02  6.568590E-06
         1   3  3.820690E+00  1.733342E+00  1.719787E+00 -1.304778E-01  2.794808E-02 -6.572706E-06
         1   4  2.435837E+00 -1.696510E-01 -2.200574E-01 -1.303169E-01  2.791268E-02 -6.568590E-06
         1   5  3.820690E+00  1.733342E+00  1.719787E+00  1.304778E-01 -2.794808E-02 -6.572706E-06
         1   6  2.435837E+00 -1.696510E-01 -2.200574E-01  1.303169E-01 -2.791268E-02 -6.568590E-06
         1   7  3.820690E+00  1.733342E+00  1.719787E+00 -1.304778E-01 -2.794808E-02  6.572706E-06
         1   8  2.435837E+00 -1.696510E-01 -2.200574E-01 -1.303169E-01 -2.791268E-02  6.568590E-06
         2   1  3.040556E+00 -1.978528E-01 -2.435755E-01 -1.113238E-02 -4.714397E-03  9.467575E-08
         2   2  3.218610E+00  2.422391E-02  2.804373E-02 -1.113392E-02 -4.715261E-03  9.468337E-08
         2   3  3.040556E+00 -1.978528E-01 -2.435755E-01  1.113238E-02 -4.714397E-03 -9.467575E-08
         2   4  3.218610E+00  2.422391E-02  2.804373E-02  1.113392E-02 -4.715261E-03 -9.468337E-08
         2   5  3.040556E+00 -1.978528E-01 -2.435755E-01 -1.113238E-02  4.714397E-03 -9.467575E-08
         2   6  3.218610E+00  2.422391E-02  2.804373E-02 -1.113392E-02  4.715261E-03 -9.468337E-08
         2   7  3.040556E+00 -1.978528E-01 -2.435755E-01  1.113238E-02  4.714397E-03  9.467575E-08
         2   8  3.218610E+00  2.422391E-02  2.804373E-02  1.113392E-02  4.715261E-03  9.468337E-08
         3   1  3.141444E+00  2.143328E-02  3.745935E-02  3.056706E-04  8.750205E-04  4.824458E-10
         3   2  3.117433E+00 -3.754398E-03 -3.937338E-03  3.056662E-04  8.749951E-04  4.824406E-10
         3   3  3.141444E+00  2.143328E-02  3.745935E-02 -3.056706E-04  8.750205E-04 -4.824459E-10
         3   4  3.117433E+00 -3.754398E-03 -3.937338E-03 -3.056662E-04  8.749951E-04 -4.824406E-10
         3   5  3.141444E+00  2.143328E-02  3.745935E-02  3.056706E-04 -8.750205E-04 -4.824460E-10
         3   6  3.117433E+00 -3.754398E-03 -3.937338E-03  3.056662E-04 -8.749951E-04 -4.824406E-10
         3   7  3.141444E+00  2.143328E-02  3.745935E-02 -3.056706E-04 -8.750205E-04  4.824459E-10
         3   8  3.117433E+00 -3.754398E-03 -3.937338E-03 -3.056662E-04 -8.749951E-04  4.824408E-10
         4   1  3.127474E+00 -2.160625E-03 -6.392595E-03  2.592262E-04 -2.065611E-04 -9.658544E-11
         4   2  3.131442E+00  7.684350E-04  1.682692E-03  2.592265E-04 -2.065623E-04 -9.658596E-11
         4   3  3.127474E+00 -2.160625E-03 -6.392595E-03 -2.592262E-04 -2.065611E-04  9.658541E-11
         4   4  3.131442E+00  7.684350E-04  1.682692E-03 -2.592265E-04 -2.065623E-04  9.658571E-11
         4   5  3.127474E+00 -2.160625E-03 -6.392595E-03  2.592262E-04  2.065611E-04  9.658536E-11
         4   6  3.131442E+00  7.684350E-04  1.682692E-03  2.592265E-04  2.065623E-04  9.658520E-11
         4   7  3.127474E+00 -2.160625E-03 -6.392595E-03 -2.592262E-04  2.065611E-04 -9.658510E-11
         4   8  3.131442E+00  7.684350E-04  1.682692E-03 -2.592265E-04  2.065623E-04 -9.658525E-11

 strains (elem, integ.pnt.,exx,eyy,ezz,exy,exz,eyz) for set ALL and time  0.1000000E+00

         1   1  8.575183E-04 -8.629859E-05 -9.242574E-05  5.894049E-05  1.262501E-05 -8.461657E-22
         1   2  8.575183E-04 -3.220327E-04 -3.448940E-04  5.892659E-05  1.262182E-05 -2.327483E-20
         1   3  8.575183E-04 -8.629859E-05 -9.242574E-05 -5.894049E-05  1.262501E-05  1.948087E-20
         1   4  8.575183E-04 -3.220327E-04 -3.448940E-04 -5.892659E-05  1.262182E-05  1.122068E-19
         1   5  8.575183E-04 -8.629859E-05 -9.242574E-05  5.894049E-05 -1.262501E-05  7.199945E-21
         1   6  8.575183E-04 -3.220327E-04 -3.448940E-04  5.892659E-05 -1.262182E-05 -2.031124E-20
         1   7  8.575183E-04 -8.629859E-05 -9.242574E-05 -5.894049E-05 -1.262501E-05  7.199945E-21
         1   8  8.575183E-04 -3.220327E-04 -3.448940E-04 -5.892659E-05 -1.262182E-05  1.168639E-19
         2   1  1.064636E-03 -4.009381E-04 -4.216919E-04 -5.030696E-06 -2.130469E-06 -5.375378E-20
         2   2  1.064636E-03 -3.808151E-04 -3.790816E-04 -5.030797E-06 -2.130560E-06 -4.381788E-20
         2   3  1.064636E-03 -4.009381E-04 -4.216919E-04  5.030696E-06 -2.130469E-06  1.088113E-19
         2   4  1.064636E-03 -3.808151E-04 -3.790816E-04  5.030797E-06 -2.130560E-06 -1.672315E-20
         2   5  1.064636E-03 -4.009381E-04 -4.216919E-04 -5.030696E-06  2.130469E-06 -5.587047E-20
         2   6  1.064636E-03 -3.808151E-04 -3.790816E-04 -5.030797E-06  2.130560E-06 -7.832134E-20
         2   7  1.064636E-03 -4.009381E-04 -4.216919E-04  5.030696E-06  2.130469E-06  1.083880E-19
         2   8  1.064636E-03 -3.808151E-04 -3.790816E-04  5.030797E-06  2.130560E-06 -1.270129E-20
         3   1  1.038214E-03 -3.736517E-04 -3.663792E-04  1.381269E-07  3.954027E-07 -3.641203E-20
         3   2  1.038214E-03 -3.742042E-04 -3.742873E-04  1.381268E-07  3.953996E-07 -1.481680E-21
         3   3  1.038214E-03 -3.736517E-04 -3.663792E-04 -1.381269E-07  3.954027E-07 -9.317103E-21
         3   4  1.038214E-03 -3.742042E-04 -3.742873E-04 -1.381268E-07  3.953996E-07  3.228112E-20
         3   5  1.038214E-03 -3.736517E-04 -3.663792E-04  1.381269E-07 -3.954027E-07 -4.403253E-20
         3   6  1.038214E-03 -3.742042E-04 -3.742873E-04  1.381268E-07 -3.953996E-07  2.370812E-20
         3   7  1.038214E-03 -3.736517E-04 -3.663792E-04 -1.381269E-07 -3.954027E-07 -1.693761E-20
         3   8  1.038214E-03 -3.742042E-04 -3.742873E-04 -1.381268E-07 -3.953996E-07  7.451107E-20
         4   1  1.041652E-03 -3.745780E-04 -3.764985E-04  1.171398E-07 -9.334155E-08 -6.646395E-20
         4   2  1.041652E-03 -3.750465E-04 -3.746316E-04  1.171398E-07 -9.334173E-08 -2.278737E-19
         4   3  1.041652E-03 -3.745780E-04 -3.764985E-04 -1.171398E-07 -9.334155E-08  5.546310E-20
         4   4  1.041652E-03 -3.750465E-04 -3.746316E-04 -1.171398E-07 -9.334173E-08  1.133526E-19
         4   5  1.041652E-03 -3.745780E-04 -3.764985E-04  1.171398E-07  9.334155E-08  3.387179E-20
         4   6  1.041652E-03 -3.750465E-04 -3.746316E-04  1.171398E-07  9.334173E-08 -1.176948E-19
         4   7  1.041652E-03 -3.745780E-04 -3.764985E-04 -1.171398E-07  9.334155E-08  8.636816E-20
         4   8  1.041652E-03 -3.750465E-04 -3.746316E-04 -1.171398E-07  9.334173E-08  9.821756E-20

                                INCREMENT     3


 forces (fx,fy,fz) for set RIGHT and time  0.1750000E+00

        17  6.848296E+00  2.213627E-16 -2.138618E-15
        18  6.848296E+00 -2.591735E-16  8.096017E-16
        19  6.848296E+00  4.633670E-16  2.686845E-15
        20  6.848296E+00  4.834302E-16  3.289114E-15

 displacements (vx,vy,vz) for set RIGHT and time  0.1750000E+00

        17  3.500000E-02  1.642698E-03  3.274259E-04
        18  3.500000E-02 -1.642698E-03  3.274259E-04
        19  3.500000E-02 -1.642698E-03 -3.274259E-04
        20  3.500000E-02  1.642698E-03 -3.274259E-04

 stresses (elem, integ.pnt.,sxx,syy,szz,sxy,sxz,syz) for set ALL and time  0.1750000E+00

         1   1  6.694569E+00  3.032876E+00  3.009042E+00  2.290399E-01  4.906658E-02  2.016458E-05
         1   2  4.269786E+00 -2.965159E-01 -3.849118E-01  2.285469E-01  4.895808E-02  2.014252E-05
         1   3  6.694569E+00  3.032876E+00  3.009042E+00 -2.290399E-01  4.906658E-02 -2.016458E-05
         1   4  4.269786E+00 -2.965159E-01 -3.849118E-01 -2.285469E-01  4.895808E-02 -2.014252E-05
         1   5  6.694569E+00  3.032876E+00  3.009042E+00  2.290399E-01 -4.906658E-02 -2.016458E-05
         1   6  4.269786E+00 -2.965159E-01 -3.849118E-01  2.285469E-01 -4.895808E-02 -2.014252E-05
         1   7  6.694569E+00  3.032876E+00  3.009042E+00 -2.290399E-01 -4.906658E-02  2.016458E-05
         1   8  4.269786E+00 -2.965159E-01 -3.849118E-01 -2.285469E-01 -4.895808E-02  2.014252E-05
         2   1  5.330212E+00 -3.462355E-01 -4.263661E-01 -1.952823E-02 -8.279817E-03  2.905492E-07
         2   2  5.642245E+00  4.235863E-02  4.904832E-02 -1.953295E-02 -8.282469E-03  2.905901E-07
         2   3  5.330212E+00 -3.462355E-01 -4.263661E-01  1.952823E-02 -8.279817E-03 -2.905492E-07
         2   4  5.642245E+00  4.235863E-02  4.904832E-02  1.953295E-02 -8.282469E-03 -2.905901E-07
         2   5  5.330212E+00 -3.462355E-01 -4.263661E-01 -1.952823E-02  8.279817E-03 -2.905492E-07
         2   6  5.642245E+00  4.235863E-02  4.904832E-02 -1.953295E-02  8.282469E-03 -2.905901E-07
         2   7  5.330212E+00 -3.462355E-01 -4.263661E-01  1.952823E-02  8.279817E-03  2.905492E-07
         2   8  5.642245E+00  4.235863E-02  4.904832E-02  1.953295E-02  8.282469E-03  2.905901E-07
         3   1  5.506833E+00  3.751970E-02  6.560681E-02  5.339508E-04  1.537650E-03  1.475065E-09
         3   2  5.464735E+00 -6.571732E-03 -6.890762E-03  5.339374E-04  1.537572E-03  1.475037E-09
         3   3  5.506833E+00  3.751970E-02  6.560681E-02 -5.339508E-04  1.537650E-03 -1.475065E-09
         3   4  5.464735E+00 -6.571732E-03 -6.890762E-03 -5.339374E-04  1.537572E-03 -1.475036E-09
         3   5  5.506833E+00  3.751970E-02  6.560681E-02  5.339508E-04 -1.537650E-03 -1.475065E-09
         3   6  5.464735E+00 -6.571732E-03 -6.890762E-03  5.339374E-04 -1.537572E-03 -1.475037E-09
         3   7  5.506833E+00  3.751970E-02  6.560681E-02 -5.339508E-04 -1.537650E-03  1.475065E-09
         3   8  5.464735E+00 -6.571732E-03 -6.890762E-03 -5.339374E-04 -1.537572E-03  1.475037E-09
         4   1  5.482362E+00 -3.785489E-03 -1.120087E-02  4.555976E-04 -3.630735E-04 -2.971942E-10
         4   2  5.489325E+00  1.347011E-03  2.948241E-03  4.555986E-04 -3.630772E-04 -2.971954E-10
         4   3  5.482362E+00 -3.785489E-03 -1.120087E-02 -4.555976E-04 -3.630735E-04  2.971945E-10
         4   4  5.489325E+00  1.347011E-03  2.948241E-03 -4.555986E-04 -3.630772E-04  2.971949E-10
         4   5  5.482362E+00 -3.785489E-03 -1.120087E-02  4.555976E-04  3.630735E-04  2.971941E-10
         4   6  5.489325E+00  1.347011E-03  2.948241E-03  4.555986E-04  3.630772E-04  2.971950E-10
         4   7  5.482362E+00 -3.785489E-03 -1.120087E-02 -4.555976E-04  3.630735E-04 -2.971935E-10
         4   8  5.489325E+00  1.347011E-03  2.948241E-03 -4.555986E-04  3.630772E-04 -2.971950E-10

 strains (elem, integ.pnt.,exx,eyy,ezz,exy,exz,eyz) for set ALL and time  0.1750000E+00

         1   1  1.501377E-03 -1.510909E-04 -1.618415E-04  1.031892E-04  2.210618E-05 -1.800222E-20
         1   2  1.501377E-03 -5.637627E-04 -6.038673E-04  1.031466E-04  2.209640E-05 -7.118719E-20
         1   3  1.501377E-03 -1.510909E-04 -1.618415E-04 -1.031892E-04  2.210618E-05 -4.451741E-21
         1   4  1.501377E-03 -5.637627E-04 -6.038673E-04 -1.031466E-04  2.209640E-05  6.426166E-20
         1   5  1.501377E-03 -1.510909E-04 -1.618415E-04  1.031892E-04 -2.210618E-05  5.075765E-21
         1   6  1.501377E-03 -5.637627E-04 -6.038673E-04  1.031466E-04 -2.209640E-05 -1.362374E-20
         1   7  1.501377E-03 -1.510909E-04 -1.618415E-04 -1.031892E-04 -2.210618E-05  1.185100E-20
         1   8  1.501377E-03 -5.637627E-04 -6.038673E-04 -1.031466E-04 -2.209640E-05  1.252112E-19
         2   1  1.863766E-03 -7.018788E-04 -7.382849E-04 -8.803792E-06 -3.732874E-06 -9.660203E-20
         2   2  1.863766E-03 -6.666630E-04 -6.636246E-04 -8.804102E-06 -3.733154E-06 -7.532210E-20
         2   3  1.863766E-03 -7.018788E-04 -7.382849E-04  8.803792E-06 -3.732874E-06  1.471722E-19
         2   4  1.863766E-03 -6.666630E-04 -6.636246E-04  8.804102E-06 -3.733154E-06 -1.261102E-19
         2   5  1.863766E-03 -7.018788E-04 -7.382849E-04 -8.803792E-06  3.732874E-06 -4.412477E-20
         2   6  1.863766E-03 -6.666630E-04 -6.636246E-04 -8.804102E-06  3.733154E-06 -1.311890E-19
         2   7  1.863766E-03 -7.018788E-04 -7.382849E-04  8.803792E-06  3.732874E-06  1.962638E-19
         2   8  1.863766E-03 -6.666630E-04 -6.636246E-04  8.804102E-06  3.733154E-06  6.785281E-21
         3   1  1.817513E-03 -6.541253E-04 -6.413699E-04  2.407028E-07  6.931572E-07 -2.871595E-20
         3   2  1.817513E-03 -6.550881E-04 -6.552330E-04  2.407025E-07  6.931476E-07  1.083484E-19
         3   3  1.817513E-03 -6.541253E-04 -6.413699E-04 -2.407028E-07  6.931572E-07 -4.987784E-20
         3   4  1.817513E-03 -6.550881E-04 -6.552330E-04 -2.407025E-07  6.931476E-07  2.969014E-19
         3   5  1.817513E-03 -6.541253E-04 -6.413699E-04  2.407028E-07 -6.931572E-07 -5.411063E-20
         3   6  1.817513E-03 -6.550881E-04 -6.552330E-04  2.407025E-07 -6.931476E-07  1.439005E-19
         3   7  1.817513E-03 -6.541253E-04 -6.413699E-04 -2.407028E-07 -6.931572E-07 -7.781199E-20
         3   8  1.817513E-03 -6.550881E-04 -6.552330E-04 -2.407025E-07 -6.931476E-07  1.439005E-19
         4   1  1.823534E-03 -6.557412E-04 -6.591090E-04  2.053824E-07 -1.636733E-07 -4.741645E-20
         4   2  1.823534E-03 -6.565627E-04 -6.558355E-04  2.053822E-07 -1.636738E-07 -1.819917E-19
         4   3  1.823534E-03 -6.557412E-04 -6.591090E-04 -2.053824E-07 -1.636733E-07  1.692817E-19
         4   4  1.823534E-03 -6.565627E-04 -6.558355E-04 -2.053822E-07 -1.636738E-07 -7.702862E-20
         4   5  1.823534E-03 -6.557412E-04 -6.591090E-04  2.053824E-07  1.636733E-07  2.368768E-20
         4   6  1.823534E-03 -6.565627E-04 -6.558355E-04  2.053822E-07  1.636738E-07  7.544456E-25
         4   7  1.823534E-03 -6.557412E-04 -6.591090E-04 -2.053824E-07  1.636733E-07  2.640872E-19
         4   8  1.823534E-03 -6.565627E-04 -6.558355E-04 -2.053822E-07  1.636738E-07  8.465522E-21

                                INCREMENT     4


 forces (fx,fy,fz) for set RIGHT and time  0.2750000E+00

        17  1.077784E+01  4.073410E-15 -9.186741E-16
        18  1.077784E+01 -3.151627E-15  4.790839E-15
        19  1.077784E+01 -7.960985E-16 -1.219731E-14
        20  1.077784E+01 -1.672663E-15  8.855513E-15

 displacements (vx,vy,vz) for set RIGHT and time  0.2750000E+00

        17  5.500000E-02  2.583084E-03  5.148616E-04
        18  5.500000E-02 -2.583084E-03  5.148616E-04
        19  5.500000E-02 -2.583084E-03 -5.148616E-04
        20  5.500000E-02  2.583084E-03 -5.148616E-04

 stresses (elem, integ.pnt.,sxx,syy,szz,sxy,sxz,syz) for set ALL and time  0.2750000E+00

         1   1  1.053757E+01  4.764957E+00  4.727266E+00  3.613974E-01  7.743529E-02  4.991186E-05
         1   2  6.724507E+00 -4.651731E-01 -6.044684E-01  3.601793E-01  7.716717E-02  4.982620E-05
         1   3  1.053757E+01  4.764957E+00  4.727266E+00 -3.613974E-01  7.743529E-02 -4.991186E-05
         1   4  6.724507E+00 -4.651731E-01 -6.044684E-01 -3.601793E-01  7.716717E-02 -4.982620E-05
         1   5  1.053757E+01  4.764957E+00  4.727266E+00  3.613974E-01 -7.743529E-02 -4.991186E-05
         1   6  6.724507E+00 -4.651731E-01 -6.044684E-01  3.601793E-01 -7.716717E-02 -4.982620E-05
         1   7  1.053757E+01  4.764957E+00  4.727266E+00 -3.613974E-01 -7.743529E-02  4.991186E-05
         1   8  6.724507E+00 -4.651731E-01 -6.044684E-01 -3.601793E-01 -7.716717E-02  4.982620E-05
         2   1  8.395445E+00 -5.440677E-01 -6.702302E-01 -3.078481E-02 -1.307343E-02  7.194692E-07
         2   2  8.886700E+00  6.649405E-02  7.701679E-02 -3.079647E-02 -1.308000E-02  7.196284E-07
         2   3  8.395445E+00 -5.440677E-01 -6.702302E-01  3.078481E-02 -1.307343E-02 -7.194692E-07
         2   4  8.886700E+00  6.649405E-02  7.701679E-02  3.079647E-02 -1.308000E-02 -7.196284E-07
         2   5  8.395445E+00 -5.440677E-01 -6.702302E-01 -3.078481E-02  1.307343E-02 -7.194692E-07
         2   6  8.886700E+00  6.649405E-02  7.701679E-02 -3.079647E-02  1.308000E-02 -7.196284E-07
         2   7  8.395445E+00 -5.440677E-01 -6.702302E-01  3.078481E-02  1.307343E-02  7.194692E-07
         2   8  8.886700E+00  6.649405E-02  7.701679E-02  3.079647E-02  1.308000E-02  7.196284E-07
         3   1  8.673131E+00  5.898303E-02  1.032069E-01  8.369621E-04  2.429690E-03  3.634225E-09
         3   2  8.606814E+00 -1.033021E-02 -1.082917E-02  8.369292E-04  2.429496E-03  3.634117E-09
         3   3  8.673131E+00  5.898303E-02  1.032069E-01 -8.369621E-04  2.429690E-03 -3.634226E-09
         3   4  8.606814E+00 -1.033021E-02 -1.082917E-02 -8.369292E-04  2.429496E-03 -3.634117E-09
         3   5  8.673131E+00  5.898303E-02  1.032069E-01  8.369621E-04 -2.429690E-03 -3.634226E-09
         3   6  8.606814E+00 -1.033021E-02 -1.082917E-02  8.369292E-04 -2.429496E-03 -3.634117E-09
         3   7  8.673131E+00  5.898303E-02  1.032069E-01 -8.369621E-04 -2.429690E-03  3.634226E-09
         3   8  8.606814E+00 -1.033021E-02 -1.082917E-02 -8.369292E-04 -2.429496E-03  3.634118E-09
         4   1  8.634630E+00 -5.957760E-03 -1.763025E-02  7.200487E-04 -5.738911E-04 -7.385250E-10
         4   2  8.645608E+00  2.121434E-03  4.640319E-03  7.200511E-04 -5.739005E-04 -7.385297E-10
         4   3  8.634630E+00 -5.957760E-03 -1.763025E-02 -7.200487E-04 -5.738911E-04  7.385253E-10
         4   4  8.645608E+00  2.121434E-03  4.640319E-03 -7.200511E-04 -5.739005E-04  7.385289E-10
         4   5  8.634630E+00 -5.957760E-03 -1.763025E-02  7.200487E-04  5.738911E-04  7.385241E-10
         4   6  8.645608E+00  2.121434E-03  4.640319E-03  7.200511E-04  5.739005E-04  7.385277E-10
         4   7  8.634630E+00 -5.957760E-03 -1.763025E-02 -7.200487E-04  5.738911E-04 -7.385241E-10
         4   8  8.645608E+00  2.121434E-03  4.640319E-03 -7.200511E-04  5.739005E-04 -7.385278E-10

 strains (elem, integ.pnt.,exx,eyy,ezz,exy,exz,eyz) for set ALL and time  0.2750000E+00

         1   1  2.360814E-03 -2.375719E-04 -2.545247E-04  1.622454E-04  3.476429E-05  2.454851E-20
         1   2  2.360814E-03 -8.863427E-04 -9.495687E-04  1.621400E-04  3.474011E-05  1.064978E-19
         1   3  2.360814E-03 -2.375719E-04 -2.545247E-04 -1.622454E-04  3.476429E-05  2.454851E-20
         1   4  2.360814E-03 -8.863427E-04 -9.495687E-04 -1.621400E-04  3.474011E-05 -5.598829E-20
         1   5  2.360814E-03 -2.375719E-04 -2.545247E-04  1.622454E-04 -3.476429E-05  2.370169E-20
         1   6  2.360814E-03 -8.863427E-04 -9.495687E-04  1.621400E-04 -3.474011E-05  1.014205E-19
         1   7  2.360814E-03 -2.375719E-04 -2.545247E-04 -1.622454E-04 -3.476429E-05  2.370169E-20
         1   8  2.360814E-03 -8.863427E-04 -9.495687E-04 -1.621400E-04 -3.474011E-05 -6.106566E-20
         2   1  2.930143E-03 -1.103449E-03 -1.160841E-03 -1.383458E-05 -5.875481E-06  5.227439E-20
         2   2  2.930143E-03 -1.048109E-03 -1.043324E-03 -1.383534E-05 -5.876173E-06 -1.488995E-19
         2   3  2.930143E-03 -1.103449E-03 -1.160841E-03  1.383458E-05 -5.875481E-06  1.605749E-19
         2   4  2.930143E-03 -1.048109E-03 -1.043324E-03  1.383534E-05 -5.876173E-06 -3.382375E-20
         2   5  2.930143E-03 -1.103449E-03 -1.160841E-03 -1.383458E-05  5.875481E-06 -1.372056E-20
         2   6  2.930143E-03 -1.048109E-03 -1.043324E-03 -1.383534E-05  5.876173E-06 -1.082844E-19
         2   7  2.930143E-03 -1.103449E-03 -1.160841E-03  1.383458E-05  5.875481E-06  1.487302E-19
         2   8  2.930143E-03 -1.048109E-03 -1.043324E-03  1.383534E-05  5.876173E-06 -4.397741E-20
         3   1  2.857428E-03 -1.028403E-03 -1.008299E-03  3.760910E-07  1.091765E-06 -1.640288E-19
         3   2  2.857428E-03 -1.029907E-03 -1.030134E-03  3.760904E-07  1.091741E-06 -5.457948E-20
         3   3  2.857428E-03 -1.028403E-03 -1.008299E-03 -3.760910E-07  1.091765E-06 -3.258164E-21
         3   4  2.857428E-03 -1.029907E-03 -1.030134E-03 -3.760904E-07  1.091741E-06  1.362296E-19
         3   5  2.857428E-03 -1.028403E-03 -1.008299E-03  3.760910E-07 -1.091765E-06 -1.487976E-19
         3   6  2.857428E-03 -1.029907E-03 -1.030134E-03  3.760904E-07 -1.091741E-06 -6.092568E-20
         3   7  2.857428E-03 -1.028403E-03 -1.008299E-03 -3.760910E-07 -1.091765E-06  1.366540E-20
         3   8  2.857428E-03 -1.029907E-03 -1.030134E-03 -3.760904E-07 -1.091741E-06  3.316926E-19
         4   1  2.866900E-03 -1.030932E-03 -1.036239E-03  3.235578E-07 -2.578825E-07 -6.266570E-20
         4   2  2.866900E-03 -1.032226E-03 -1.031081E-03  3.235574E-07 -2.578838E-07 -5.525345E-19
         4   3  2.866900E-03 -1.030932E-03 -1.036239E-03 -3.235578E-07 -2.578825E-07  1.810282E-19
         4   4  2.866900E-03 -1.032226E-03 -1.031081E-03 -3.235574E-07 -2.578838E-07  1.611999E-19
         4   5  2.866900E-03 -1.030932E-03 -1.036239E-03  3.235578E-07  2.578825E-07 -3.520519E-19
         4   6  2.866900E-03 -1.032226E-03 -1.031081E-03  3.235574E-07  2.578838E-07 -3.689182E-19
         4   7  2.866900E-03 -1.030932E-03 -1.036239E-03 -3.235578E-07  2.578825E-07  3.587218E-19
         4   8  2.866900E-03 -1.032226E-03 -1.031081E-03 -3.235574E-07  2.578838E-07  3.300084E-19

                                INCREMENT     5


 forces (fx,fy,fz) for set RIGHT and time  0.3750000E+00

        17  1.471921E+01  3.772679E-16 -6.523268E-15
        18  1.471921E+01 -3.589431E-16 -2.257221E-15
        19  1.471921E+01 -2.650777E-17 -7.681986E-15
        20  1.471921E+01  7.979856E-16  8.528859E-15

 displacements (vx,vy,vz) for set RIGHT and time  0.3750000E+00

        17  7.500000E-02  3.524709E-03  7.025416E-04
        18  7.500000E-02 -3.524709E-03  7.025416E-04
        19  7.500000E-02 -3.524709E-03 -7.025416E-04
        20  7.500000E-02  3.524709E-03 -7.025416E-04

 stresses (elem, integ.pnt.,sxx,syy,szz,sxy,sxz,syz) for set ALL and time  0.3750000E+00

         1   1  1.439336E+01  6.496313E+00  6.444591E+00  4.948345E-01  1.060458E-01  9.303065E-05
         1   2  9.190067E+00 -6.332650E-01 -8.237422E-01  4.925684E-01  1.055468E-01  9.281332E-05
         1   3  1.439336E+01  6.496313E+00  6.444591E+00 -4.948345E-01  1.060458E-01 -9.303065E-05
         1   4  9.190067E+00 -6.332650E-01 -8.237422E-01 -4.925684E-01  1.055468E-01 -9.281332E-05
         1   5  1.439336E+01  6.496313E+00  6.444591E+00  4.948345E-01 -1.060458E-01 -9.303065E-05
         1   6  9.190067E+00 -6.332650E-01 -8.237422E-01  4.925684E-01 -1.055468E-01 -9.281332E-05
         1   7  1.439336E+01  6.496313E+00  6.444591E+00 -4.948345E-01 -1.060458E-01  9.303065E-05
         1   8  9.190067E+00 -6.332650E-01 -8.237422E-01 -4.925684E-01 -1.055468E-01  9.281332E-05
         2   1  1.147485E+01 -7.418844E-01 -9.142557E-01 -4.211242E-02 -1.791268E-02  1.341557E-06
         2   2  1.214599E+01  9.057901E-02  1.049421E-01 -4.213412E-02 -1.792494E-02  1.341961E-06
         2   3  1.147485E+01 -7.418844E-01 -9.142557E-01  4.211242E-02 -1.791268E-02 -1.341557E-06
         2   4  1.214599E+01  9.057901E-02  1.049421E-01  4.213412E-02 -1.792494E-02 -1.341961E-06
         2   5  1.147485E+01 -7.418844E-01 -9.142557E-01 -4.211242E-02  1.791268E-02 -1.341557E-06
         2   6  1.214599E+01  9.057901E-02  1.049421E-01 -4.213412E-02  1.792494E-02 -1.341961E-06
         2   7  1.147485E+01 -7.418844E-01 -9.142557E-01  4.211242E-02  1.791268E-02  1.341557E-06
         2   8  1.214599E+01  9.057901E-02  1.049421E-01  4.213412E-02  1.792494E-02  1.341961E-06
         3   1  1.185369E+01  8.046265E-02  1.408865E-01  1.138341E-03  3.331539E-03  6.741827E-09
         3   2  1.176304E+01 -1.409099E-02 -1.476812E-02  1.138280E-03  3.331178E-03  6.741553E-09
         3   3  1.185369E+01  8.046265E-02  1.408865E-01 -1.138341E-03  3.331539E-03 -6.741827E-09
         3   4  1.176304E+01 -1.409099E-02 -1.476812E-02 -1.138280E-03  3.331178E-03 -6.741552E-09
         3   5  1.185369E+01  8.046265E-02  1.408865E-01  1.138341E-03 -3.331539E-03 -6.741827E-09
         3   6  1.176304E+01 -1.409099E-02 -1.476812E-02  1.138280E-03 -3.331178E-03 -6.741553E-09
         3   7  1.185369E+01  8.046265E-02  1.408865E-01 -1.138341E-03 -3.331539E-03  6.741826E-09
         3   8  1.176304E+01 -1.409099E-02 -1.476812E-02 -1.138280E-03 -3.331178E-03  6.741553E-09
         4   1  1.180113E+01 -8.136560E-03 -2.408047E-02  9.875205E-04 -7.871625E-04 -1.381961E-09
         4   2  1.181615E+01  2.899259E-03  6.337715E-03  9.875251E-04 -7.871799E-04 -1.381971E-09
         4   3  1.180113E+01 -8.136560E-03 -2.408047E-02 -9.875205E-04 -7.871625E-04  1.381962E-09
         4   4  1.181615E+01  2.899259E-03  6.337715E-03 -9.875251E-04 -7.871799E-04  1.381970E-09
         4   5  1.180113E+01 -8.136560E-03 -2.408047E-02  9.875205E-04  7.871625E-04  1.381961E-09
         4   6  1.181615E+01  2.899259E-03  6.337715E-03  9.875251E-04  7.871799E-04  1.381971E-09
         4   7  1.180113E+01 -8.136560E-03 -2.408047E-02 -9.875205E-04  7.871625E-04 -1.381961E-09
         4   8  1.181615E+01  2.899259E-03  6.337715E-03 -9.875251E-04  7.871799E-04 -1.381971E-09

 strains (elem, integ.pnt.,exx,eyy,ezz,exy,exz,eyz) for set ALL and time  0.3750000E+00

         1   1  3.221346E-03 -3.241571E-04 -3.473551E-04  2.213675E-04  4.744135E-05 -6.525266E-20
         1   2  3.221346E-03 -1.209235E-03 -1.295732E-03  2.211714E-04  4.739631E-05 -3.848149E-19
         1   3  3.221346E-03 -3.241571E-04 -3.473551E-04 -2.213675E-04  4.744135E-05 -2.460826E-20
         1   4  3.221346E-03 -1.209235E-03 -1.295732E-03 -2.211714E-04  4.739631E-05 -2.765259E-19
         1   5  3.221346E-03 -3.241571E-04 -3.473551E-04  2.213675E-04 -4.744135E-05 -5.932580E-20
         1   6  3.221346E-03 -1.209235E-03 -1.295732E-03  2.211714E-04 -4.739631E-05 -3.052971E-19
         1   7  3.221346E-03 -3.241571E-04 -3.473551E-04 -2.213675E-04 -4.744135E-05 -5.932580E-20
         1   8  3.221346E-03 -1.209235E-03 -1.295732E-03 -2.211714E-04 -4.739631E-05 -1.970080E-19
         2   1  3.997514E-03 -1.505379E-03 -1.583891E-03 -1.886522E-05 -8.025014E-06 -5.151899E-19
         2   2  3.997514E-03 -1.429916E-03 -1.423378E-03 -1.886665E-05 -8.026306E-06 -6.232962E-21
         2   3  3.997514E-03 -1.505379E-03 -1.583891E-03  1.886522E-05 -8.025014E-06 -2.513133E-19
         2   4  3.997514E-03 -1.429916E-03 -1.423378E-03  1.886665E-05 -8.026306E-06 -3.783941E-19
         2   5  3.997514E-03 -1.505379E-03 -1.583891E-03 -1.886522E-05  8.025014E-06 -2.783839E-19
         2   6  3.997514E-03 -1.429916E-03 -1.423378E-03 -1.886665E-05  8.026306E-06 -5.740484E-20
         2   7  3.997514E-03 -1.505379E-03 -1.583891E-03  1.886522E-05  8.025014E-06 -1.633615E-19
         2   8  3.997514E-03 -1.429916E-03 -1.423378E-03  1.886665E-05  8.026306E-06 -7.432128E-20
         3   1  3.898317E-03 -1.403039E-03 -1.375543E-03  5.098788E-07  1.492203E-06 -4.007173E-20
         3   2  3.898317E-03 -1.405079E-03 -1.405387E-03  5.098778E-07  1.492158E-06  3.522867E-19
         3   3  3.898317E-03 -1.403039E-03 -1.375543E-03 -5.098788E-07  1.492203E-06 -8.743879E-20
         3   4  3.898317E-03 -1.405079E-03 -1.405387E-03 -5.098778E-07  1.492158E-06  3.129551E-19
         3   5  3.898317E-03 -1.403039E-03 -1.375543E-03  5.098788E-07 -1.492203E-06  2.082920E-20
         3   6  3.898317E-03 -1.405079E-03 -1.405387E-03  5.098778E-07 -1.492158E-06  3.376934E-21
         3   7  3.898317E-03 -1.403039E-03 -1.375543E-03 -5.098788E-07 -1.492203E-06 -3.107417E-19
         3   8  3.898317E-03 -1.405079E-03 -1.405387E-03 -5.098778E-07 -1.492158E-06  1.928455E-19
         4   1  3.911245E-03 -1.406473E-03 -1.413729E-03  4.423283E-07 -3.525868E-07  2.184989E-20
         4   2  3.911245E-03 -1.408242E-03 -1.406677E-03  4.423275E-07 -3.525893E-07 -1.205100E-19
         4   3  3.911245E-03 -1.406473E-03 -1.413729E-03 -4.423283E-07 -3.525868E-07  2.383851E-19
         4   4  3.911245E-03 -1.408242E-03 -1.406677E-03 -4.423275E-07 -3.525893E-07 -1.200871E-19
         4   5  3.911245E-03 -1.406473E-03 -1.413729E-03  4.423283E-07  3.525868E-07 -6.908093E-21
         4   6  3.911245E-03 -1.408242E-03 -1.406677E-03  4.423275E-07  3.525893E-07  9.475600E-20
         4   7  3.911245E-03 -1.406473E-03 -1.413729E-03 -4.423283E-07  3.525868E-07 -5.427523E-20
         4   8  3.911245E-03 -1.408242E-03 -1.406677E-03 -4.423275E-07  3.525893E-07 -2.198962E-19

                                INCREMENT     6


 forces (fx,fy,fz) for set RIGHT and time  0.4750000E+00

        17  1.867241E+01  9.900218E-16  9.736347E-16
        18  1.867241E+01 -1.640494E-15  1.856942E-14
        19  1.867241E+01 -1.229144E-15 -5.395393E-15
        20  1.867241E+01  6.142884E-15  9.900285E-15

 displacements (vx,vy,vz) for set RIGHT and time  0.4750000E+00

        17  9.500000E-02  4.467574E-03  8.904661E-04
        18  9.500000E-02 -4.467574E-03  8.904661E-04
        19  9.500000E-02 -4.467574E-03 -8.904661E-04
        20  9.500000E-02  4.467574E-03 -8.904661E-04

 stresses (elem, integ.pnt.,sxx,syy,szz,sxy,sxz,syz) for set ALL and time  0.4750000E+00

         1   1  1.826194E+01  8.226944E+00  8.161015E+00  6.293550E-01  1.348990E-01  1.496152E-04
         1   2  1.166650E+01 -8.007936E-01 -1.042736E+00  6.257177E-01  1.340979E-01  1.491733E-04
         1   3  1.826194E+01  8.226944E+00  8.161015E+00 -6.293550E-01  1.348990E-01 -1.496152E-04
         1   4  1.166650E+01 -8.007936E-01 -1.042736E+00 -6.257177E-01  1.340979E-01 -1.491733E-04
         1   5  1.826194E+01  8.226944E+00  8.161015E+00  6.293550E-01 -1.348990E-01 -1.496152E-04
         1   6  1.166650E+01 -8.007936E-01 -1.042736E+00  6.257177E-01 -1.340979E-01 -1.491733E-04
         1   7  1.826194E+01  8.226944E+00  8.161015E+00 -6.293550E-01 -1.348990E-01  1.496152E-04
         1   8  1.166650E+01 -8.007936E-01 -1.042736E+00 -6.257177E-01 -1.340979E-01  1.491733E-04
         2   1  1.456849E+01 -9.396830E-01 -1.158440E+00 -5.351109E-02 -2.279785E-02  2.158389E-06
         2   2  1.542017E+01  1.146136E-01  1.328243E-01 -5.354593E-02 -2.281758E-02  2.159213E-06
         2   3  1.456849E+01 -9.396830E-01 -1.158440E+00  5.351109E-02 -2.279785E-02 -2.158389E-06
         2   4  1.542017E+01  1.146136E-01  1.328243E-01  5.354593E-02 -2.281758E-02 -2.159213E-06
         2   5  1.456849E+01 -9.396830E-01 -1.158440E+00 -5.351109E-02  2.279785E-02 -2.158389E-06
         2   6  1.542017E+01  1.146136E-01  1.328243E-01 -5.354593E-02  2.281758E-02 -2.159213E-06
         2   7  1.456849E+01 -9.396830E-01 -1.158440E+00  5.351109E-02  2.279785E-02  2.158389E-06
         2   8  1.542017E+01  1.146136E-01  1.328243E-01  5.354593E-02  2.281758E-02  2.159213E-06
         3   1  1.504857E+01  1.019579E-01  1.786450E-01  1.438005E-03  4.243261E-03  1.079015E-08
         3   2  1.493346E+01 -1.785406E-02 -1.870753E-02  1.437908E-03  4.242678E-03  1.078959E-08
         3   3  1.504857E+01  1.019579E-01  1.786450E-01 -1.438005E-03  4.243261E-03 -1.079015E-08
         3   4  1.493346E+01 -1.785406E-02 -1.870753E-02 -1.437908E-03  4.242678E-03 -1.078959E-08
         3   5  1.504857E+01  1.019579E-01  1.786450E-01  1.438005E-03 -4.243261E-03 -1.079015E-08
         3   6  1.493346E+01 -1.785406E-02 -1.870753E-02  1.437908E-03 -4.242678E-03 -1.078959E-08
         3   7  1.504857E+01  1.019579E-01  1.786450E-01 -1.438005E-03 -4.243261E-03  1.079015E-08
         3   8  1.493346E+01 -1.785406E-02 -1.870753E-02 -1.437908E-03 -4.242678E-03  1.078959E-08
         4   1  1.498191E+01 -1.032180E-02 -3.055142E-02  1.258039E-03 -1.002903E-03 -2.231270E-09
         4   2  1.500100E+01  3.680474E-03  8.040393E-03  1.258046E-03 -1.002931E-03 -2.231289E-09
         4   3  1.498191E+01 -1.032180E-02 -3.055142E-02 -1.258039E-03 -1.002903E-03  2.231270E-09
         4   4  1.500100E+01  3.680474E-03  8.040393E-03 -1.258046E-03 -1.002931E-03  2.231289E-09
         4   5  1.498191E+01 -1.032180E-02 -3.055142E-02  1.258039E-03  1.002903E-03  2.231268E-09
         4   6  1.500100E+01  3.680474E-03  8.040393E-03  1.258046E-03  1.002931E-03  2.231289E-09
         4   7  1.498191E+01 -1.032180E-02 -3.055142E-02 -1.258039E-03  1.002903E-03 -2.231269E-09
         4   8  1.500100E+01  3.680474E-03  8.040393E-03 -1.258046E-03  1.002931E-03 -2.231288E-09

 strains (elem, integ.pnt.,exx,eyy,ezz,exy,exz,eyz) for set ALL and time  0.4750000E+00

         1   1  4.082972E-03 -4.108464E-04 -4.403331E-04  2.805556E-04  6.013737E-05 -3.814567E-20
         1   2  4.082972E-03 -1.532439E-03 -1.642356E-03  2.802405E-04  6.006497E-05 -6.490131E-20
         1   3  4.082972E-03 -4.108464E-04 -4.403331E-04 -2.805556E-04  6.013737E-05  2.495203E-21
         1   4  4.082972E-03 -1.532439E-03 -1.642356E-03 -2.802405E-04  6.006497E-05 -1.731553E-19
         1   5  4.082972E-03 -4.108464E-04 -4.403331E-04  2.805556E-04 -6.013737E-05 -2.713869E-20
         1   6  4.082972E-03 -1.532439E-03 -1.642356E-03  2.802405E-04 -6.006497E-05 -8.181413E-20
         1   7  4.082972E-03 -4.108464E-04 -4.403331E-04 -2.805556E-04 -6.013737E-05 -4.477641E-23
         1   8  4.082972E-03 -1.532439E-03 -1.642356E-03 -2.802405E-04 -6.006497E-05 -2.035983E-19
         2   1  5.065880E-03 -1.907670E-03 -2.007435E-03 -2.389560E-05 -1.018147E-05 -8.724412E-22
         2   2  5.065880E-03 -1.812083E-03 -1.803785E-03 -2.389789E-05 -1.018355E-05  1.955407E-20
         2   3  5.065880E-03 -1.907670E-03 -2.007435E-03  2.389560E-05 -1.018147E-05 -1.496669E-19
         2   4  5.065880E-03 -1.812083E-03 -1.803785E-03  2.389789E-05 -1.018355E-05 -5.484958E-20
         2   5  5.065880E-03 -1.907670E-03 -2.007435E-03 -2.389560E-05  1.018147E-05  2.618357E-20
         2   6  5.065880E-03 -1.812083E-03 -1.803785E-03 -2.389789E-05  1.018355E-05  1.073702E-22
         2   7  5.065880E-03 -1.907670E-03 -2.007435E-03  2.389560E-05  1.018147E-05 -1.767175E-19
         2   8  5.065880E-03 -1.812083E-03 -1.803785E-03  2.389789E-05  1.018355E-05 -4.385848E-20
         3   1  4.940178E-03 -1.778033E-03 -1.743102E-03  6.420409E-07  1.894468E-06 -6.193447E-21
         3   2  4.940178E-03 -1.780601E-03 -1.780990E-03  6.420392E-07  1.894396E-06 -6.248501E-19
         3   3  4.940178E-03 -1.778033E-03 -1.743102E-03 -6.420409E-07  1.894468E-06  2.525370E-19
         3   4  4.940178E-03 -1.780601E-03 -1.780990E-03 -6.420392E-07  1.894396E-06  3.449653E-19
         3   5  4.940178E-03 -1.778033E-03 -1.743102E-03  6.420409E-07 -1.894468E-06 -2.648677E-20
         3   6  4.940178E-03 -1.780601E-03 -1.780990E-03  6.420392E-07 -1.894396E-06 -5.343791E-19
         3   7  4.940178E-03 -1.778033E-03 -1.743102E-03 -6.420409E-07 -1.894468E-06  3.439130E-20
         3   8  4.940178E-03 -1.780601E-03 -1.780990E-03 -6.420392E-07 -1.894396E-06  4.531922E-19
         4   1  4.956570E-03 -1.782364E-03 -1.791580E-03  5.616959E-07 -4.477857E-07 -4.415630E-19
         4   2  4.956570E-03 -1.784611E-03 -1.782624E-03  5.616947E-07 -4.477897E-07 -1.267921E-19
         4   3  4.956570E-03 -1.782364E-03 -1.791580E-03 -5.616959E-07 -4.477857E-07  2.619112E-19
         4   4  4.956570E-03 -1.784611E-03 -1.782624E-03 -5.616947E-07 -4.477897E-07  2.477732E-19
         4   5  4.956570E-03 -1.782364E-03 -1.791580E-03  5.616959E-07  4.477857E-07 -5.345711E-19
         4   6  4.956570E-03 -1.784611E-03 -1.782624E-03  5.616947E-07  4.477897E-07  1.268639E-19
         4   7  4.956570E-03 -1.782364E-03 -1.791580E-03 -5.616959E-07  4.477857E-07  3.244792E-19
         4   8  4.956570E-03 -1.784611E-03 -1.782624E-03 -5.616947E-07  4.477897E-07  2.249442E-19

                                INCREMENT     7


 forces (fx,fy,fz) for set RIGHT and time  0.5750000E+00

        17  2.263746E+01 -1.059141E-15  2.493677E-15
        18  2.263746E+01  9.749929E-16 -7.262996E-15
        19  2.263746E+01 -1.220566E-15 -1.834118E-15
        20  2.263746E+01  1.322813E-15 -3.534487E-15

 displacements (vx,vy,vz) for set RIGHT and time  0.5750000E+00

        17  1.150000E-01  5.411683E-03  1.078636E-03
        18  1.150000E-01 -5.411683E-03  1.078636E-03
        19  1.150000E-01 -5.411683E-03 -1.078636E-03
        20  1.150000E-01  5.411683E-03 -1.078636E-03

 stresses (elem, integ.pnt.,sxx,syy,szz,sxy,sxz,syz) for set ALL and time  0.5750000E+00

         1   1  2.214335E+01  9.956848E+00  9.876535E+00  7.649630E-01  1.639960E-01  2.197602E-04
         1   2  1.415384E+01 -9.677606E-01 -1.261452E+00  7.596307E-01  1.628212E-01  2.189760E-04
         1   3  2.214335E+01  9.956848E+00  9.876535E+00 -7.649630E-01  1.639960E-01 -2.197602E-04
         1   4  1.415384E+01 -9.677606E-01 -1.261452E+00 -7.596307E-01  1.628212E-01 -2.189760E-04
         1   5  2.214335E+01  9.956848E+00  9.876535E+00  7.649630E-01 -1.639960E-01 -2.197602E-04
         1   6  1.415384E+01 -9.677606E-01 -1.261452E+00  7.596307E-01 -1.628212E-01 -2.189760E-04
         1   7  2.214335E+01  9.956848E+00  9.876535E+00 -7.649630E-01 -1.639960E-01  2.197602E-04
         1   8  1.415384E+01 -9.677606E-01 -1.261452E+00 -7.596307E-01 -1.628212E-01  2.189760E-04
         2   1  1.767640E+01 -1.137461E+00 -1.402782E+00 -6.498085E-02 -2.772922E-02  3.171544E-06
         2   2  1.870929E+01  1.385979E-01  1.606633E-01 -6.503195E-02 -2.775823E-02  3.173009E-06
         2   3  1.767640E+01 -1.137461E+00 -1.402782E+00  6.498085E-02 -2.772922E-02 -3.171544E-06
         2   4  1.870929E+01  1.385979E-01  1.606633E-01  6.503195E-02 -2.775823E-02 -3.173009E-06
         2   5  1.767640E+01 -1.137461E+00 -1.402782E+00 -6.498085E-02  2.772922E-02 -3.171544E-06
         2   6  1.870929E+01  1.385979E-01  1.606633E-01 -6.503195E-02  2.775823E-02 -3.173009E-06
         2   7  1.767640E+01 -1.137461E+00 -1.402782E+00  6.498085E-02  2.772922E-02  3.171544E-06
         2   8  1.870929E+01  1.385979E-01  1.606633E-01  6.503195E-02  2.775823E-02  3.173009E-06
         3   1  1.825781E+01  1.234682E-01  2.164818E-01  1.735870E-03  5.164917E-03  1.577093E-08
         3   2  1.811813E+01 -2.161939E-02 -2.264737E-02  1.735729E-03  5.164059E-03  1.576994E-08
         3   3  1.825781E+01  1.234682E-01  2.164818E-01 -1.735870E-03  5.164917E-03 -1.577093E-08
         3   4  1.811813E+01 -2.161939E-02 -2.264737E-02 -1.735729E-03  5.164059E-03 -1.576994E-08
         3   5  1.825781E+01  1.234682E-01  2.164818E-01  1.735870E-03 -5.164917E-03 -1.577093E-08
         3   6  1.811813E+01 -2.161939E-02 -2.264737E-02  1.735729E-03 -5.164059E-03 -1.576994E-08
         3   7  1.825781E+01  1.234682E-01  2.164818E-01 -1.735870E-03 -5.164917E-03  1.577093E-08
         3   8  1.811813E+01 -2.161939E-02 -2.264737E-02 -1.735729E-03 -5.164059E-03  1.576994E-08
         4   1  1.817703E+01 -1.251338E-02 -3.704296E-02  1.531629E-03 -1.221129E-03 -3.290257E-09
         4   2  1.820021E+01  4.465063E-03  9.748320E-03  1.531640E-03 -1.221170E-03 -3.290292E-09
         4   3  1.817703E+01 -1.251338E-02 -3.704296E-02 -1.531629E-03 -1.221129E-03  3.290257E-09
         4   4  1.820021E+01  4.465063E-03  9.748320E-03 -1.531640E-03 -1.221170E-03  3.290290E-09
         4   5  1.817703E+01 -1.251338E-02 -3.704296E-02  1.531629E-03  1.221129E-03  3.290257E-09
         4   6  1.820021E+01  4.465063E-03  9.748320E-03  1.531640E-03  1.221170E-03  3.290291E-09
         4   7  1.817703E+01 -1.251338E-02 -3.704296E-02 -1.531629E-03  1.221129E-03 -3.290257E-09
         4   8  1.820021E+01  4.465063E-03  9.748320E-03 -1.531640E-03  1.221170E-03 -3.290290E-09

 strains (elem, integ.pnt.,exx,eyy,ezz,exy,exz,eyz) for set ALL and time  0.5750000E+00

         1   1  4.945692E-03 -4.976398E-04 -5.334586E-04  3.398097E-04  7.285235E-05 -8.489123E-21
         1   2  4.945692E-03 -1.855954E-03 -1.989443E-03  3.393473E-04  7.274609E-05 -3.046871E-19
         1   3  4.945692E-03 -4.976398E-04 -5.334586E-04 -3.398097E-04  7.285235E-05 -1.168554E-19
         1   4  4.945692E-03 -1.855954E-03 -1.989443E-03 -3.393473E-04  7.274609E-05 -1.964683E-19
         1   5  4.945692E-03 -4.976398E-04 -5.334586E-04  3.398097E-04 -7.285235E-05  5.754419E-20
         1   6  4.945692E-03 -1.855954E-03 -1.989443E-03  3.393473E-04 -7.274609E-05 -8.151575E-20
         1   7  4.945692E-03 -4.976398E-04 -5.334586E-04 -3.398097E-04 -7.285235E-05 -5.082206E-20
         1   8  4.945692E-03 -1.855954E-03 -1.989443E-03 -3.393473E-04 -7.274609E-05  2.670306E-20
         2   1  6.135241E-03 -2.310320E-03 -2.431473E-03 -2.892557E-05 -1.234484E-05 -4.501302E-19
         2   2  6.135241E-03 -2.194611E-03 -2.184545E-03 -2.892893E-05 -1.234790E-05 -1.833150E-19
         2   3  6.135241E-03 -2.310320E-03 -2.431473E-03  2.892557E-05 -1.234484E-05 -2.202718E-19
         2   4  6.135241E-03 -2.194611E-03 -2.184545E-03  2.892893E-05 -1.234790E-05  4.116860E-19
         2   5  6.135241E-03 -2.310320E-03 -2.431473E-03 -2.892557E-05  1.234484E-05  3.239290E-19
         2   6  6.135241E-03 -2.194611E-03 -2.184545E-03 -2.892893E-05  1.234790E-05 -3.819306E-19
         2   7  6.135241E-03 -2.310320E-03 -2.431473E-03  2.892557E-05  1.234484E-05 -1.409887E-20
         2   8  6.135241E-03 -2.194611E-03 -2.184545E-03  2.892893E-05  1.234790E-05  1.961672E-19
         3   1  5.983013E-03 -2.153386E-03 -2.110975E-03  7.725516E-07  2.298559E-06 -9.758969E-20
         3   2  5.983013E-03 -2.156476E-03 -2.156945E-03  7.725492E-07  2.298453E-06  4.318937E-19
         3   3  5.983013E-03 -2.153386E-03 -2.110975E-03 -7.725516E-07  2.298559E-06  2.945869E-19
         3   4  5.983013E-03 -2.156476E-03 -2.156945E-03 -7.725492E-07  2.298453E-06  3.296240E-19
         3   5  5.983013E-03 -2.153386E-03 -2.110975E-03  7.725516E-07 -2.298559E-06 -2.564954E-19
         3   6  5.983013E-03 -2.156476E-03 -2.156945E-03  7.725492E-07 -2.298453E-06  1.656545E-19
         3   7  5.983013E-03 -2.153386E-03 -2.110975E-03 -7.725516E-07 -2.298559E-06 -8.069174E-20
         3   8  5.983013E-03 -2.156476E-03 -2.156945E-03 -7.725492E-07 -2.298453E-06  2.467941E-19
         4   1  6.002875E-03 -2.158605E-03 -2.169792E-03  6.816630E-07 -5.434786E-07  4.722385E-20
         4   2  6.002875E-03 -2.161332E-03 -2.158923E-03  6.816612E-07 -5.434845E-07 -3.059596E-19
         4   3  6.002875E-03 -2.158605E-03 -2.169792E-03 -6.816630E-07 -5.434786E-07 -1.691480E-19
         4   4  6.002875E-03 -2.161332E-03 -2.158923E-03 -6.816612E-07 -5.434845E-07 -4.547149E-19
         4   5  6.002875E-03 -2.158605E-03 -2.169792E-03  6.816630E-07  5.434786E-07 -1.894302E-19
         4   6  6.002875E-03 -2.161332E-03 -2.158923E-03  6.816612E-07  5.434845E-07 -2.400340E-19
         4   7  6.002875E-03 -2.158605E-03 -2.169792E-03 -6.816630E-07  5.434786E-07 -2.029533E-19
         4   8  6.002875E-03 -2.161332E-03 -2.158923E-03 -6.816612E-07  5.434845E-07  4.259838E-19

                                INCREMENT     8


 forces (fx,fy,fz) for set RIGHT and time  0.6750000E+00

        17  2.661436E+01  3.606046E-15  2.937795E-14
        18  2.661436E+01 -1.113532E-14  5.217167E-14
        19  2.661436E+01  2.681252E-15 -1.882007E-14
        20  2.661436E+01  9.136925E-15 -8.599587E-15

 displacements (vx,vy,vz) for set RIGHT and time  0.6750000E+00

        17  1.350000E-01  6.357035E-03  1.267050E-03
        18  1.350000E-01 -6.357035E-03  1.267050E-03
        19  1.350000E-01 -6.357035E-03 -1.267050E-03
        20  1.350000E-01  6.357035E-03 -1.267050E-03

 stresses (elem, integ.pnt.,sxx,syy,szz,sxy,sxz,syz) for set ALL and time  0.6750000E+00

         1   1  2.603760E+01  1.168602E+01  1.159115E+01  9.016624E-01  1.933379E-01  3.035609E-04
         1   2  1.665213E+01 -1.134168E+00 -1.479894E+00  8.943111E-01  1.917177E-01  3.022916E-04
         1   3  2.603760E+01  1.168602E+01  1.159115E+01 -9.016624E-01  1.933379E-01 -3.035609E-04
         1   4  1.665213E+01 -1.134168E+00 -1.479894E+00 -8.943111E-01  1.917177E-01 -3.022916E-04
         1   5  2.603760E+01  1.168602E+01  1.159115E+01  9.016624E-01 -1.933379E-01 -3.035609E-04
         1   6  1.665213E+01 -1.134168E+00 -1.479894E+00  8.943111E-01 -1.917177E-01 -3.022916E-04
         1   7  2.603760E+01  1.168602E+01  1.159115E+01 -9.016624E-01 -1.933379E-01  3.035609E-04
         1   8  1.665213E+01 -1.134168E+00 -1.479894E+00 -8.943111E-01 -1.917177E-01  3.022916E-04
         2   1  2.079864E+01 -1.335215E+00 -1.647278E+00 -7.652175E-02 -3.270707E-02  4.382598E-06
         2   2  2.201339E+01  1.625319E-01  1.884589E-01 -7.659220E-02 -3.274717E-02  4.384972E-06
         2   3  2.079864E+01 -1.335215E+00 -1.647278E+00  7.652175E-02 -3.270707E-02 -4.382598E-06
         2   4  2.201339E+01  1.625319E-01  1.884589E-01  7.659220E-02 -3.274717E-02 -4.384972E-06
         2   5  2.079864E+01 -1.335215E+00 -1.647278E+00 -7.652175E-02  3.270707E-02 -4.382598E-06
         2   6  2.201339E+01  1.625319E-01  1.884589E-01 -7.659220E-02  3.274717E-02 -4.384972E-06
         2   7  2.079864E+01 -1.335215E+00 -1.647278E+00  7.652175E-02  3.270707E-02  4.382598E-06
         2   8  2.201339E+01  1.625319E-01  1.884589E-01  7.659220E-02  3.274717E-02  4.384972E-06
         3   1  2.148146E+01  1.449928E-01  2.543963E-01  2.031853E-03  6.096571E-03  2.167533E-08
         3   2  2.131709E+01 -2.538696E-02 -2.658756E-02  2.031660E-03  6.095382E-03  2.167374E-08
         3   3  2.148146E+01  1.449928E-01  2.543963E-01 -2.031853E-03  6.096571E-03 -2.167533E-08
         3   4  2.131709E+01 -2.538696E-02 -2.658756E-02 -2.031660E-03  6.095382E-03 -2.167375E-08
         3   5  2.148146E+01  1.449928E-01  2.543963E-01  2.031853E-03 -6.096571E-03 -2.167533E-08
         3   6  2.131709E+01 -2.538696E-02 -2.658756E-02  2.031660E-03 -6.095382E-03 -2.167375E-08
         3   7  2.148146E+01  1.449928E-01  2.543963E-01 -2.031853E-03 -6.096571E-03  2.167533E-08
         3   8  2.131709E+01 -2.538696E-02 -2.658756E-02 -2.031660E-03 -6.095382E-03  2.167375E-08
         4   1  2.138652E+01 -1.471122E-02 -4.355498E-02  1.808317E-03 -1.441856E-03 -4.562774E-09
         4   2  2.141383E+01  5.253015E-03  1.146146E-02  1.808332E-03 -1.441913E-03 -4.562829E-09
         4   3  2.138652E+01 -1.471122E-02 -4.355498E-02 -1.808317E-03 -1.441856E-03  4.562775E-09
         4   4  2.141383E+01  5.253015E-03  1.146146E-02 -1.808332E-03 -1.441913E-03  4.562831E-09
         4   5  2.138652E+01 -1.471122E-02 -4.355498E-02  1.808317E-03  1.441856E-03  4.562774E-09
         4   6  2.141383E+01  5.253015E-03  1.146146E-02  1.808332E-03  1.441913E-03  4.562828E-09
         4   7  2.138652E+01 -1.471122E-02 -4.355498E-02 -1.808317E-03  1.441856E-03 -4.562772E-09
         4   8  2.141383E+01  5.253015E-03  1.146146E-02 -1.808332E-03  1.441913E-03 -4.562826E-09

 strains (elem, integ.pnt.,exx,eyy,ezz,exy,exz,eyz) for set ALL and time  0.6750000E+00

         1   1  5.809504E-03 -5.845373E-04 -6.267319E-04  3.991296E-04  8.558633E-05  2.462523E-20
         1   2  5.809504E-03 -2.179780E-03 -2.336992E-03  3.984917E-04  8.543964E-05  3.661725E-19
         1   3  5.809504E-03 -5.845373E-04 -6.267319E-04 -3.991296E-04  8.558633E-05  5.171443E-20
         1   4  5.809504E-03 -2.179780E-03 -2.336992E-03 -3.984917E-04  8.543964E-05 -1.747456E-19
         1   5  5.809504E-03 -5.845373E-04 -6.267319E-04  3.991296E-04 -8.558633E-05  3.055189E-20
         1   6  5.809504E-03 -2.179780E-03 -2.336992E-03  3.984917E-04 -8.543964E-05  2.580060E-19
         1   7  5.809504E-03 -5.845373E-04 -6.267319E-04 -3.991296E-04 -8.558633E-05  3.055189E-20
         1   8  5.809504E-03 -2.179780E-03 -2.336992E-03 -3.984917E-04 -8.543964E-05 -2.693913E-19
         2   1  7.205597E-03 -2.713329E-03 -2.856004E-03 -3.395499E-05 -1.451511E-05  8.565547E-20
         2   2  7.205597E-03 -2.577500E-03 -2.565660E-03 -3.395963E-05 -1.451935E-05  1.283256E-19
         2   3  7.205597E-03 -2.713329E-03 -2.856004E-03  3.395499E-05 -1.451511E-05 -4.414589E-19
         2   4  7.205597E-03 -2.577500E-03 -2.565660E-03  3.395963E-05 -1.451935E-05 -3.312714E-19
         2   5  7.205597E-03 -2.713329E-03 -2.856004E-03 -3.395499E-05  1.451511E-05 -1.231933E-20
         2   6  7.205597E-03 -2.577500E-03 -2.565660E-03 -3.395963E-05  1.451935E-05  4.046047E-20
         2   7  7.205597E-03 -2.713329E-03 -2.856004E-03  3.395499E-05  1.451511E-05 -5.664613E-19
         2   8  7.205597E-03 -2.577500E-03 -2.565660E-03  3.395963E-05  1.451935E-05 -2.636842E-19
         3   1  7.026821E-03 -2.529098E-03 -2.479163E-03  9.013858E-07  2.704475E-06  1.079286E-19
         3   2  7.026821E-03 -2.532703E-03 -2.533251E-03  9.013826E-07  2.704328E-06 -7.139301E-19
         3   3  7.026821E-03 -2.529098E-03 -2.479163E-03 -9.013858E-07  2.704475E-06 -1.035627E-20
         3   4  7.026821E-03 -2.532703E-03 -2.533251E-03 -9.013826E-07  2.704328E-06  1.427832E-19
         3   5  7.026821E-03 -2.529098E-03 -2.479163E-03  9.013858E-07 -2.704475E-06  1.079286E-19
         3   6  7.026821E-03 -2.532703E-03 -2.533251E-03  9.013826E-07 -2.704328E-06 -3.142996E-19
         3   7  7.026821E-03 -2.529098E-03 -2.479163E-03 -9.013858E-07 -2.704475E-06 -2.171002E-22
         3   8  7.026821E-03 -2.532703E-03 -2.533251E-03 -9.013826E-07 -2.704328E-06  1.182815E-19
         4   1  7.050160E-03 -2.535198E-03 -2.548366E-03  8.022318E-07 -6.396650E-07 -3.785884E-19
         4   2  7.050160E-03 -2.538406E-03 -2.535572E-03  8.022292E-07 -6.396732E-07 -1.884007E-19
         4   3  7.050160E-03 -2.535198E-03 -2.548366E-03 -8.022318E-07 -6.396650E-07  9.191516E-19
         4   4  7.050160E-03 -2.538406E-03 -2.535572E-03 -8.022292E-07 -6.396732E-07  8.119373E-19
         4   5  7.050160E-03 -2.535198E-03 -2.548366E-03  8.022318E-07  6.396650E-07  2.567623E-19
         4   6  7.050160E-03 -2.538406E-03 -2.535572E-03  8.022292E-07  6.396732E-07 -4.798842E-19
         4   7  7.050160E-03 -2.535198E-03 -2.548366E-03 -8.022318E-07  6.396650E-07  6.082332E-19
         4   8  7.050160E-03 -2.538406E-03 -2.535572E-03 -8.022292E-07  6.396732E-07  1.078075E-18

                                INCREMENT     9


 forces (fx,fy,fz) for set RIGHT and time  0.7750000E+00

        17  3.060313E+01  3.258511E-16 -7.819259E-15
        18  3.060313E+01  7.981661E-15 -1.312886E-14
        19  3.060313E+01  6.300886E-17 -8.364240E-15
        20  3.060313E+01 -8.155269E-15  4.396172E-15

 displacements (vx,vy,vz) for set RIGHT and time  0.7750000E+00

        17  1.550000E-01  7.303633E-03  1.455710E-03
        18  1.550000E-01 -7.303633E-03  1.455710E-03
        19  1.550000E-01 -7.303633E-03 -1.455710E-03
        20  1.550000E-01  7.303633E-03 -1.455710E-03

 stresses (elem, integ.pnt.,sxx,syy,szz,sxy,sxz,syz) for set ALL and time  0.7750000E+00

         1   1  2.994472E+01  1.341446E+01  1.330485E+01  1.039457E+00  2.229255E-01  4.011127E-04
         1   2  1.916139E+01 -1.300017E+00 -1.698062E+00  1.029762E+00  2.207882E-01  3.991907E-04
         1   3  2.994472E+01  1.341446E+01  1.330485E+01 -1.039457E+00  2.229255E-01 -4.011127E-04
         1   4  1.916139E+01 -1.300017E+00 -1.698062E+00 -1.029762E+00  2.207882E-01 -3.991907E-04
         1   5  2.994472E+01  1.341446E+01  1.330485E+01  1.039457E+00 -2.229255E-01 -4.011127E-04
         1   6  1.916139E+01 -1.300017E+00 -1.698062E+00  1.029762E+00 -2.207882E-01 -3.991907E-04
         1   7  2.994472E+01  1.341446E+01  1.330485E+01 -1.039457E+00 -2.229255E-01  4.011127E-04
         1   8  1.916139E+01 -1.300017E+00 -1.698062E+00 -1.029762E+00 -2.207882E-01  3.991907E-04
         2   1  2.393527E+01 -1.532944E+00 -1.891926E+00 -8.813380E-02 -3.773169E-02  5.793126E-06
         2   2  2.533253E+01  1.864159E-01  2.162111E-01 -8.822674E-02 -3.778472E-02  5.796727E-06
         2   3  2.393527E+01 -1.532944E+00 -1.891926E+00  8.813380E-02 -3.773169E-02 -5.793126E-06
         2   4  2.533253E+01  1.864159E-01  2.162111E-01  8.822674E-02 -3.778472E-02 -5.796727E-06
         2   5  2.393527E+01 -1.532944E+00 -1.891926E+00 -8.813380E-02  3.773169E-02 -5.793126E-06
         2   6  2.533253E+01  1.864159E-01  2.162111E-01 -8.822674E-02  3.778472E-02 -5.796727E-06
         2   7  2.393527E+01 -1.532944E+00 -1.891926E+00  8.813380E-02  3.773169E-02  5.793126E-06
         2   8  2.533253E+01  1.864159E-01  2.162111E-01  8.822674E-02  3.778472E-02  5.796727E-06
         3   1  2.471956E+01  1.665312E-01  2.923879E-01  2.325870E-03  7.038284E-03  2.849400E-08
         3   2  2.453039E+01 -2.915677E-02 -3.052806E-02  2.325616E-03  7.036710E-03  2.849160E-08
         3   3  2.471956E+01  1.665312E-01  2.923879E-01 -2.325870E-03  7.038284E-03 -2.849400E-08
         3   4  2.453039E+01 -2.915677E-02 -3.052806E-02 -2.325616E-03  7.036710E-03 -2.849160E-08
         3   5  2.471956E+01  1.665312E-01  2.923879E-01  2.325870E-03 -7.038284E-03 -2.849400E-08
         3   6  2.453039E+01 -2.915677E-02 -3.052806E-02  2.325616E-03 -7.036710E-03 -2.849160E-08
         3   7  2.471956E+01  1.665312E-01  2.923879E-01 -2.325870E-03 -7.038284E-03  2.849400E-08
         3   8  2.453039E+01 -2.915677E-02 -3.052806E-02 -2.325616E-03 -7.036710E-03  2.849160E-08
         4   1  2.461044E+01 -1.691523E-02 -5.008736E-02  2.088129E-03 -1.665099E-03 -6.052710E-09
         4   2  2.464190E+01  6.044316E-03  1.317979E-02  2.088149E-03 -1.665175E-03 -6.052796E-09
         4   3  2.461044E+01 -1.691523E-02 -5.008736E-02 -2.088129E-03 -1.665099E-03  6.052709E-09
         4   4  2.464190E+01  6.044316E-03  1.317979E-02 -2.088149E-03 -1.665175E-03  6.052794E-09
         4   5  2.461044E+01 -1.691523E-02 -5.008736E-02  2.088129E-03  1.665099E-03  6.052709E-09
         4   6  2.464190E+01  6.044316E-03  1.317979E-02  2.088149E-03  1.665175E-03  6.052792E-09
         4   7  2.461044E+01 -1.691523E-02 -5.008736E-02 -2.088129E-03  1.665099E-03 -6.052707E-09
         4   8  2.464190E+01  6.044316E-03  1.317979E-02 -2.088149E-03  1.665175E-03 -6.052794E-09

 strains (elem, integ.pnt.,exx,eyy,ezz,exy,exz,eyz) for set ALL and time  0.7750000E+00

         1   1  6.674407E-03 -6.715388E-04 -7.201532E-04  4.585154E-04  9.833931E-05  5.753037E-20
         1   2  6.674407E-03 -2.503916E-03 -2.685002E-03  4.576733E-04  9.814562E-05  7.394480E-20
         1   3  6.674407E-03 -6.715388E-04 -7.201532E-04 -4.585154E-04  9.833931E-05 -5.081701E-20
         1   4  6.674407E-03 -2.503916E-03 -2.685002E-03 -4.576733E-04  9.814562E-05 -3.586488E-19
         1   5  6.674407E-03 -6.715388E-04 -7.201532E-04  4.585154E-04 -9.833931E-05  1.351507E-20
         1   6  6.674407E-03 -2.503916E-03 -2.685002E-03  4.576733E-04 -9.814562E-05  1.312240E-20
         1   7  6.674407E-03 -6.715388E-04 -7.201532E-04 -4.585154E-04 -9.833931E-05 -6.774547E-20
         1   8  6.674407E-03 -2.503916E-03 -2.685002E-03 -4.576733E-04 -9.814562E-05 -4.194712E-19
         2   1  8.276949E-03 -3.116696E-03 -3.281030E-03 -3.898374E-05 -1.669229E-05 -6.500304E-20
         2   2  8.276949E-03 -2.960749E-03 -2.947128E-03 -3.898986E-05 -1.669790E-05  4.637919E-19
         2   3  8.276949E-03 -3.116696E-03 -3.281030E-03  3.898374E-05 -1.669229E-05 -6.189199E-19
         2   4  8.276949E-03 -2.960749E-03 -2.947128E-03  3.898986E-05 -1.669790E-05  4.372264E-21
         2   5  8.276949E-03 -3.116696E-03 -3.281030E-03 -3.898374E-05  1.669229E-05 -1.089040E-19
         2   6  8.276949E-03 -2.960749E-03 -2.947128E-03 -3.898986E-05  1.669790E-05  3.413372E-19
         2   7  8.276949E-03 -3.116696E-03 -3.281030E-03  3.898374E-05  1.669229E-05 -6.628209E-19
         2   8  8.276949E-03 -2.960749E-03 -2.947128E-03  3.898986E-05  1.669790E-05  6.183403E-19
         3   1  8.071603E-03 -2.905168E-03 -2.847667E-03  1.028518E-06  3.112214E-06  1.112953E-20
         3   2  8.071603E-03 -2.909282E-03 -2.909909E-03  1.028514E-06  3.112019E-06 -2.922374E-19
         3   3  8.071603E-03 -2.905168E-03 -2.847667E-03 -1.028518E-06  3.112214E-06  3.286869E-19
         3   4  8.071603E-03 -2.909282E-03 -2.909909E-03 -1.028514E-06  3.112019E-06  5.065602E-20
         3   5  8.071603E-03 -2.905168E-03 -2.847667E-03  1.028518E-06 -3.112214E-06  2.442377E-19
         3   6  8.071603E-03 -2.909282E-03 -2.909909E-03  1.028514E-06 -3.112019E-06  7.430373E-20
         3   7  8.071603E-03 -2.905168E-03 -2.847667E-03 -1.028518E-06 -3.112214E-06  4.469334E-19
         3   8  8.071603E-03 -2.909282E-03 -2.909909E-03 -1.028514E-06 -3.112019E-06  1.283559E-19
         4   1  8.098426E-03 -2.912140E-03 -2.927300E-03  9.234042E-07 -7.363443E-07 -3.720849E-19
         4   2  8.098426E-03 -2.915834E-03 -2.912573E-03  9.234008E-07 -7.363552E-07 -8.731824E-19
         4   3  8.098426E-03 -2.912140E-03 -2.927300E-03 -9.234042E-07 -7.363443E-07  1.684352E-19
         4   4  8.098426E-03 -2.915834E-03 -2.912573E-03 -9.234008E-07 -7.363552E-07  2.053201E-19
         4   5  8.098426E-03 -2.912140E-03 -2.927300E-03  9.234042E-07  7.363443E-07 -2.166877E-19
         4   6  8.098426E-03 -2.915834E-03 -2.912573E-03  9.234008E-07  7.363552E-07 -8.343327E-19
         4   7  8.098426E-03 -2.912140E-03 -2.927300E-03 -9.234042E-07  7.363443E-07  7.562485E-19
         4   8  8.098426E-03 -2.915834E-03 -2.912573E-03 -9.234008E-07  7.363552E-07  8.792631E-20

                                INCREMENT    10


 forces (fx,fy,fz) for set RIGHT and time  0.8750000E+00

        17  3.460377E+01 -6.274443E-15  1.193307E-15
        18  3.460377E+01 -1.009951E-14  3.494783E-14
        19  3.460377E+01  6.384162E-15 -3.175644E-14
        20  3.460377E+01  1.570392E-14 -2.961448E-14

 displacements (vx,vy,vz) for set RIGHT and time  0.8750000E+00

        17  1.750000E-01  8.251478E-03  1.644616E-03
        18  1.750000E-01 -8.251478E-03  1.644616E-03
        19  1.750000E-01 -8.251478E-03 -1.644616E-03
        20  1.750000E-01  8.251478E-03 -1.644616E-03

 stresses (elem, integ.pnt.,sxx,syy,szz,sxy,sxz,syz) for set ALL and time  0.8750000E+00

         1   1  3.386472E+01  1.514217E+01  1.501764E+01  1.178352E+00  2.527601E-01  5.125116E-04
         1   2  2.168166E+01 -1.465311E+00 -1.915961E+00  1.165988E+00  2.500337E-01  5.097443E-04
         1   3  3.386472E+01  1.514217E+01  1.501764E+01 -1.178352E+00  2.527601E-01 -5.125116E-04
         1   4  2.168166E+01 -1.465311E+00 -1.915961E+00 -1.165988E+00  2.500337E-01 -5.097443E-04
         1   5  3.386472E+01  1.514217E+01  1.501764E+01  1.178352E+00 -2.527601E-01 -5.125116E-04
         1   6  2.168166E+01 -1.465311E+00 -1.915961E+00  1.165988E+00 -2.500337E-01 -5.097443E-04
         1   7  3.386472E+01  1.514217E+01  1.501764E+01 -1.178352E+00 -2.527601E-01  5.125116E-04
         1   8  2.168166E+01 -1.465311E+00 -1.915961E+00 -1.165988E+00 -2.500337E-01  5.097443E-04
         2   1  2.708633E+01 -1.730644E+00 -2.136723E+00 -9.981705E-02 -4.280335E-02  7.404703E-06
         2   2  2.866676E+01  2.102498E-01  2.439199E-01 -9.993559E-02 -4.287117E-02  7.409896E-06
         2   3  2.708633E+01 -1.730644E+00 -2.136723E+00  9.981705E-02 -4.280335E-02 -7.404703E-06
         2   4  2.866676E+01  2.102498E-01  2.439199E-01  9.993559E-02 -4.287117E-02 -7.409896E-06
         2   5  2.708633E+01 -1.730644E+00 -2.136723E+00 -9.981705E-02  4.280335E-02 -7.404703E-06
         2   6  2.866676E+01  2.102498E-01  2.439199E-01 -9.993559E-02  4.287117E-02 -7.409896E-06
         2   7  2.708633E+01 -1.730644E+00 -2.136723E+00  9.981705E-02  4.280335E-02  7.404703E-06
         2   8  2.866676E+01  2.102498E-01  2.439199E-01  9.993559E-02  4.287117E-02  7.409896E-06
         3   1  2.797217E+01  1.880826E-01  3.304559E-01  2.617834E-03  7.990122E-03  3.621697E-08
         3   2  2.775809E+01 -3.292879E-02 -3.446881E-02  2.617512E-03  7.988106E-03  3.621353E-08
         3   3  2.797217E+01  1.880826E-01  3.304559E-01 -2.617834E-03  7.990122E-03 -3.621697E-08
         3   4  2.775809E+01 -3.292879E-02 -3.446881E-02 -2.617512E-03  7.988106E-03 -3.621353E-08
         3   5  2.797217E+01  1.880826E-01  3.304559E-01  2.617834E-03 -7.990122E-03 -3.621697E-08
         3   6  2.775809E+01 -3.292879E-02 -3.446881E-02  2.617512E-03 -7.988106E-03 -3.621353E-08
         3   7  2.797217E+01  1.880826E-01  3.304559E-01 -2.617834E-03 -7.990122E-03  3.621697E-08
         3   8  2.775809E+01 -3.292879E-02 -3.446881E-02 -2.617512E-03 -7.988106E-03  3.621353E-08
         4   1  2.784884E+01 -1.912532E-02 -5.663998E-02  2.371091E-03 -1.890875E-03 -7.763999E-09
         4   2  2.788447E+01  6.838954E-03  1.490326E-02  2.371116E-03 -1.890973E-03 -7.764118E-09
         4   3  2.784884E+01 -1.912532E-02 -5.663998E-02 -2.371091E-03 -1.890875E-03  7.763998E-09
         4   4  2.788447E+01  6.838954E-03  1.490326E-02 -2.371116E-03 -1.890973E-03  7.764124E-09
         4   5  2.784884E+01 -1.912532E-02 -5.663998E-02  2.371091E-03  1.890875E-03  7.763996E-09
         4   6  2.788447E+01  6.838954E-03  1.490326E-02  2.371116E-03  1.890973E-03  7.764121E-09
         4   7  2.784884E+01 -1.912532E-02 -5.663998E-02 -2.371091E-03  1.890875E-03 -7.763996E-09
         4   8  2.788447E+01  6.838954E-03  1.490326E-02 -2.371116E-03  1.890973E-03 -7.764116E-09

 strains (elem, integ.pnt.,exx,eyy,ezz,exy,exz,eyz) for set ALL and time  0.8750000E+00

         1   1  7.540400E-03 -7.586443E-04 -8.137225E-04  5.179670E-04  1.111113E-04 -2.372750E-20
         1   2  7.540400E-03 -2.828363E-03 -3.033475E-03  5.168922E-04  1.108640E-04 -3.450079E-19
         1   3  7.540400E-03 -7.586443E-04 -8.137225E-04 -5.179670E-04  1.111113E-04 -2.404034E-19
         1   4  7.540400E-03 -2.828363E-03 -3.033475E-03 -5.168922E-04  1.108640E-04 -6.693473E-19
         1   5  7.540400E-03 -7.586443E-04 -8.137225E-04  5.179670E-04 -1.111113E-04 -2.711735E-20
         1   6  7.540400E-03 -2.828363E-03 -3.033475E-03  5.168922E-04 -1.108640E-04 -4.100244E-20
         1   7  7.540400E-03 -7.586443E-04 -8.137225E-04 -5.179670E-04 -1.111113E-04 -1.625398E-19
         1   8  7.540400E-03 -2.828363E-03 -3.033475E-03 -5.168922E-04 -1.108640E-04 -3.518305E-19
         2   1  9.349296E-03 -3.520422E-03 -3.706550E-03 -4.401168E-05 -1.887637E-05 -2.911480E-19
         2   2  9.349296E-03 -3.344360E-03 -3.328951E-03 -4.401948E-05 -1.888355E-05  1.520979E-19
         2   3  9.349296E-03 -3.520422E-03 -3.706550E-03  4.401168E-05 -1.887637E-05 -4.937215E-19
         2   4  9.349296E-03 -3.344360E-03 -3.328951E-03  4.401948E-05 -1.888355E-05 -7.752302E-20
         2   5  9.349296E-03 -3.520422E-03 -3.706550E-03 -4.401168E-05  1.887637E-05  8.016256E-20
         2   6  9.349296E-03 -3.344360E-03 -3.328951E-03 -4.401948E-05  1.888355E-05  1.689850E-19
         2   7  9.349296E-03 -3.520422E-03 -3.706550E-03  4.401168E-05  1.887637E-05 -1.494154E-19
         2   8  9.349296E-03 -3.344360E-03 -3.328951E-03  4.401948E-05  1.888355E-05  1.352175E-19
         3   1  9.117360E-03 -3.281598E-03 -3.216485E-03  1.153924E-06  3.521774E-06  1.191304E-19
         3   2  9.117360E-03 -3.286214E-03 -3.286918E-03  1.153919E-06  3.521525E-06 -5.151536E-20
         3   3  9.117360E-03 -3.281598E-03 -3.216485E-03 -1.153924E-06  3.521774E-06  4.466991E-19
         3   4  9.117360E-03 -3.286214E-03 -3.286918E-03 -1.153919E-06  3.521525E-06  1.291530E-19
         3   5  9.117360E-03 -3.281598E-03 -3.216485E-03  1.153924E-06 -3.521774E-06  1.765431E-19
         3   6  9.117360E-03 -3.286214E-03 -3.286918E-03  1.153919E-06 -3.521525E-06 -1.587343E-19
         3   7  9.117360E-03 -3.281598E-03 -3.216485E-03 -1.153924E-06 -3.521774E-06  5.142435E-19
         3   8  9.117360E-03 -3.286214E-03 -3.286918E-03 -1.153919E-06 -3.521525E-06  1.654557E-19
         4   1  9.147673E-03 -3.289433E-03 -3.306596E-03  1.045183E-06 -8.335161E-07 -6.827239E-19
         4   2  9.147673E-03 -3.293614E-03 -3.289925E-03  1.045178E-06 -8.335301E-07  1.054648E-18
         4   3  9.147673E-03 -3.289433E-03 -3.306596E-03 -1.045183E-06 -8.335161E-07  5.059690E-19
         4   4  9.147673E-03 -3.293614E-03 -3.289925E-03 -1.045178E-06 -8.335301E-07  2.014548E-18
         4   5  9.147673E-03 -3.289433E-03 -3.306596E-03  1.045183E-06  8.335161E-07 -5.003633E-19
         4   6  9.147673E-03 -3.293614E-03 -3.289925E-03  1.045178E-06  8.335301E-07  2.399574E-19
         4   7  9.147673E-03 -3.289433E-03 -3.306596E-03 -1.045183E-06  8.335161E-07  7.018372E-19
         4   8  9.147673E-03 -3.293614E-03 -3.289925E-03 -1.045178E-06  8.335301E-07  1.675163E-18

                                INCREMENT    11


 forces (fx,fy,fz) for set RIGHT and time  0.9750000E+00

        17  3.861631E+01  6.608194E-15  3.147247E-14
        18  3.861631E+01 -3.993304E-16  1.943813E-14
        19  3.861631E+01 -6.035703E-15 -4.505722E-14
        20  3.861631E+01 -4.222523E-15 -3.227127E-14

 displacements (vx,vy,vz) for set RIGHT and time  0.9750000E+00

        17  1.950000E-01  9.200573E-03  1.833769E-03
        18  1.950000E-01 -9.200573E-03  1.833769E-03
        19  1.950000E-01 -9.200573E-03 -1.833769E-03
        20  1.950000E-01  9.200573E-03 -1.833769E-03

 stresses (elem, integ.pnt.,sxx,syy,szz,sxy,sxz,syz) for set ALL and time  0.9750000E+00

         1   1  3.779762E+01  1.686915E+01  1.672951E+01  1.318349E+00  2.828426E-01  6.378541E-04
         1   2  2.421299E+01 -1.630050E+00 -2.133593E+00  1.302992E+00  2.794549E-01  6.340237E-04
         1   3  3.779762E+01  1.686915E+01  1.672951E+01 -1.318349E+00  2.828426E-01 -6.378541E-04
         1   4  2.421299E+01 -1.630050E+00 -2.133593E+00 -1.302992E+00  2.794549E-01 -6.340237E-04
         1   5  3.779762E+01  1.686915E+01  1.672951E+01  1.318349E+00 -2.828426E-01 -6.378541E-04
         1   6  2.421299E+01 -1.630050E+00 -2.133593E+00  1.302992E+00 -2.794549E-01 -6.340237E-04
         1   7  3.779762E+01  1.686915E+01  1.672951E+01 -1.318349E+00 -2.828426E-01  6.378541E-04
         1   8  2.421299E+01 -1.630050E+00 -2.133593E+00 -1.302992E+00 -2.794549E-01  6.340237E-04
         2   1  3.025189E+01 -1.928313E+00 -2.381668E+00 -1.115715E-01 -4.792235E-02  9.218904E-06
         2   2  3.201612E+01  2.340337E-01  2.715852E-01 -1.117188E-01 -4.800683E-02  9.226104E-06
         2   3  3.025189E+01 -1.928313E+00 -2.381668E+00  1.115715E-01 -4.792235E-02 -9.218904E-06
         2   4  3.201612E+01  2.340337E-01  2.715852E-01  1.117188E-01 -4.800683E-02 -9.226104E-06
         2   5  3.025189E+01 -1.928313E+00 -2.381668E+00 -1.115715E-01  4.792235E-02 -9.218904E-06
         2   6  3.201612E+01  2.340337E-01  2.715852E-01 -1.117188E-01  4.800683E-02 -9.226104E-06
         2   7  3.025189E+01 -1.928313E+00 -2.381668E+00  1.115715E-01  4.792235E-02  9.218904E-06
         2   8  3.201612E+01  2.340337E-01  2.715852E-01  1.117188E-01  4.800683E-02  9.226104E-06
         3   1  3.123934E+01  2.096467E-01  3.685998E-01  2.907661E-03  8.952147E-03  4.483375E-08
         3   2  3.100021E+01 -3.670301E-02 -3.840975E-02  2.907263E-03  8.949633E-03  4.482901E-08
         3   3  3.123934E+01  2.096467E-01  3.685998E-01 -2.907661E-03  8.952147E-03 -4.483375E-08
         3   4  3.100021E+01 -3.670301E-02 -3.840975E-02 -2.907263E-03  8.949633E-03 -4.482901E-08
         3   5  3.123934E+01  2.096467E-01  3.685998E-01  2.907661E-03 -8.952147E-03 -4.483375E-08
         3   6  3.100021E+01 -3.670301E-02 -3.840975E-02  2.907263E-03 -8.949633E-03 -4.482901E-08
         3   7  3.123934E+01  2.096467E-01  3.685998E-01 -2.907661E-03 -8.952147E-03  4.483375E-08
         3   8  3.100021E+01 -3.670301E-02 -3.840975E-02 -2.907263E-03 -8.949633E-03  4.482901E-08
         4   1  3.110176E+01 -2.134141E-02 -6.321271E-02  2.657229E-03 -2.119200E-03 -9.700613E-09
         4   2  3.114159E+01  7.636915E-03  1.663185E-02  2.657260E-03 -2.119323E-03 -9.700787E-09
         4   3  3.110176E+01 -2.134141E-02 -6.321271E-02 -2.657229E-03 -2.119200E-03  9.700615E-09
         4   4  3.114159E+01  7.636915E-03  1.663185E-02 -2.657260E-03 -2.119323E-03  9.700785E-09
         4   5  3.110176E+01 -2.134141E-02 -6.321271E-02  2.657229E-03  2.119200E-03  9.700613E-09
         4   6  3.114159E+01  7.636915E-03  1.663185E-02  2.657260E-03  2.119323E-03  9.700780E-09
         4   7  3.110176E+01 -2.134141E-02 -6.321271E-02 -2.657229E-03  2.119200E-03 -9.700611E-09
         4   8  3.114159E+01  7.636915E-03  1.663185E-02 -2.657260E-03  2.119323E-03 -9.700784E-09

 strains (elem, integ.pnt.,exx,eyy,ezz,exy,exz,eyz) for set ALL and time  0.9750000E+00

         1   1  8.407484E-03 -8.458538E-04 -9.074402E-04  5.774844E-04  1.239023E-04  8.301574E-20
         1   2  8.407484E-03 -3.153119E-03 -3.382411E-03  5.761481E-04  1.235947E-04  1.564234E-19
         1   3  8.407484E-03 -8.458538E-04 -9.074402E-04 -5.774844E-04  1.239023E-04 -3.773803E-19
         1   4  8.407484E-03 -3.153119E-03 -3.382411E-03 -5.761481E-04  1.235947E-04 -1.140510E-18
         1   5  8.407484E-03 -8.458538E-04 -9.074402E-04  5.774844E-04 -1.239023E-04  2.715730E-20
         1   6  8.407484E-03 -3.153119E-03 -3.382411E-03  5.761481E-04 -1.235947E-04  2.442164E-19
         1   7  8.407484E-03 -8.458538E-04 -9.074402E-04 -5.774844E-04 -1.239023E-04 -3.519923E-19
         1   8  8.407484E-03 -3.153119E-03 -3.382411E-03 -5.761481E-04 -1.235947E-04 -1.052717E-18
         2   1  1.042264E-02 -3.924505E-03 -4.132564E-03 -4.903867E-05 -2.106734E-05  4.470800E-19
         2   2  1.042264E-02 -3.728331E-03 -3.711127E-03 -4.904836E-05 -2.107629E-05 -1.791177E-19
         2   3  1.042264E-02 -3.924505E-03 -4.132564E-03  4.903867E-05 -2.106734E-05 -7.138599E-19
         2   4  1.042264E-02 -3.728331E-03 -3.711127E-03  4.904836E-05 -2.107629E-05 -1.386122E-19
         2   5  1.042264E-02 -3.924505E-03 -4.132564E-03 -4.903867E-05  2.106734E-05  2.985516E-19
         2   6  1.042264E-02 -3.728331E-03 -3.711127E-03 -4.904836E-05  2.107629E-05  2.833259E-19
         2   7  1.042264E-02 -3.924505E-03 -4.132564E-03  4.903867E-05  2.106734E-05 -5.653994E-19
         2   8  1.042264E-02 -3.728331E-03 -3.711127E-03  4.904836E-05  2.107629E-05 -3.310102E-19
         3   1  1.016409E-02 -3.658387E-03 -3.585619E-03  1.277579E-06  3.933155E-06 -2.408731E-19
         3   2  1.016409E-02 -3.663498E-03 -3.664279E-03  1.277572E-06  3.932843E-06  4.996202E-19
         3   3  1.016409E-02 -3.658387E-03 -3.585619E-03 -1.277579E-06  3.933155E-06  9.669930E-20
         3   4  1.016409E-02 -3.663498E-03 -3.664279E-03 -1.277572E-06  3.932843E-06  1.141003E-18
         3   5  1.016409E-02 -3.658387E-03 -3.585619E-03  1.277579E-06 -3.933155E-06 -8.220289E-20
         3   6  1.016409E-02 -3.663498E-03 -3.664279E-03  1.277572E-06 -3.932843E-06  5.975154E-19
         3   7  1.016409E-02 -3.658387E-03 -3.585619E-03 -1.277579E-06 -3.933155E-06 -1.767219E-19
         3   8  1.016409E-02 -3.663498E-03 -3.664279E-03 -1.277572E-06 -3.932843E-06  8.135600E-19
         4   1  1.019790E-02 -3.667078E-03 -3.686253E-03  1.167569E-06 -9.311797E-07 -3.319488E-20
         4   2  1.019790E-02 -3.671748E-03 -3.667629E-03  1.167563E-06 -9.311972E-07 -1.456782E-18
         4   3  1.019790E-02 -3.667078E-03 -3.686253E-03 -1.167569E-06 -9.311797E-07  1.155046E-18
         4   4  1.019790E-02 -3.671748E-03 -3.667629E-03 -1.167563E-06 -9.311972E-07  4.386558E-19
         4   5  1.019790E-02 -3.667078E-03 -3.686253E-03  1.167569E-06  9.311797E-07 -1.479659E-19
         4   6  1.019790E-02 -3.671748E-03 -3.667629E-03  1.167563E-06  9.311972E-07 -1.661011E-18
         4   7  1.019790E-02 -3.667078E-03 -3.686253E-03 -1.167569E-06  9.311797E-07  1.053777E-18
         4   8  1.019790E-02 -3.671748E-03 -3.667629E-03 -1.167563E-06  9.311972E-07  6.057985E-20

                                INCREMENT    12


 forces (fx,fy,fz) for set RIGHT and time  0.1000000E+01

        17  3.962130E+01 -3.478370E-16  7.064810E-15
        18  3.962130E+01 -5.143378E-15  4.801200E-15
        19  3.962130E+01  7.420273E-16 -1.180531E-14
        20  3.962130E+01  2.839277E-15 -1.554537E-14

 displacements (vx,vy,vz) for set RIGHT and time  0.1000000E+01

        17  2.000000E-01  9.438042E-03  1.881095E-03
        18  2.000000E-01 -9.438042E-03  1.881095E-03
        19  2.000000E-01 -9.438042E-03 -1.881095E-03
        20  2.000000E-01  9.438042E-03 -1.881095E-03

 stresses (elem, integ.pnt.,sxx,syy,szz,sxy,sxz,syz) for set ALL and time  0.1000000E+01

         1   1  3.878287E+01  1.730077E+01  1.715734E+01  1.353522E+00  2.904020E-01  6.713797E-04
         1   2  2.484755E+01 -1.671149E+00 -2.187959E+00  1.337365E+00  2.868378E-01  6.672466E-04
         1   3  3.878287E+01  1.730077E+01  1.715734E+01 -1.353522E+00  2.904020E-01 -6.713797E-04
         1   4  2.484755E+01 -1.671149E+00 -2.187959E+00 -1.337365E+00  2.868378E-01 -6.672466E-04
         1   5  3.878287E+01  1.730077E+01  1.715734E+01  1.353522E+00 -2.904020E-01 -6.713797E-04
         1   6  2.484755E+01 -1.671149E+00 -2.187959E+00  1.337365E+00 -2.868378E-01 -6.672466E-04
         1   7  3.878287E+01  1.730077E+01  1.715734E+01 -1.353522E+00 -2.904020E-01  6.713797E-04
         1   8  2.484755E+01 -1.671149E+00 -2.187959E+00 -1.337365E+00 -2.868378E-01  6.672466E-04
         2   1  3.104555E+01 -1.977725E+00 -2.442927E+00 -1.145213E-01 -4.920953E-02  9.704298E-06
         2   2  3.285584E+01  2.399719E-01  2.784947E-01 -1.146762E-01 -4.929846E-02  9.712070E-06
         2   3  3.104555E+01 -1.977725E+00 -2.442927E+00  1.145213E-01 -4.920953E-02 -9.704299E-06
         2   4  3.285584E+01  2.399719E-01  2.784947E-01  1.146762E-01 -4.929846E-02 -9.712070E-06
         2   5  3.104555E+01 -1.977725E+00 -2.442927E+00 -1.145213E-01  4.920953E-02 -9.704299E-06
         2   6  3.285584E+01  2.399719E-01  2.784947E-01 -1.146762E-01  4.929846E-02 -9.712070E-06
         2   7  3.104555E+01 -1.977725E+00 -2.442927E+00  1.145213E-01  4.920953E-02  9.704299E-06
         2   8  3.285584E+01  2.399719E-01  2.784947E-01  1.146762E-01  4.929846E-02  9.712070E-06
         3   1  3.205841E+01  2.150395E-01  3.781476E-01  2.979774E-03  9.194252E-03  4.712632E-08
         3   2  3.181301E+01 -3.764691E-02 -3.939501E-02  2.979356E-03  9.191605E-03  4.712121E-08
         3   3  3.205841E+01  2.150395E-01  3.781476E-01 -2.979774E-03  9.194252E-03 -4.712632E-08
         3   4  3.181301E+01 -3.764691E-02 -3.939501E-02 -2.979356E-03  9.191605E-03 -4.712120E-08
         3   5  3.205841E+01  2.150395E-01  3.781476E-01  2.979774E-03 -9.194252E-03 -4.712632E-08
         3   6  3.181301E+01 -3.764691E-02 -3.939501E-02  2.979356E-03 -9.191605E-03 -4.712120E-08
         3   7  3.205841E+01  2.150395E-01  3.781476E-01 -2.979774E-03 -9.194252E-03  4.712632E-08
         3   8  3.181301E+01 -3.764691E-02 -3.939501E-02 -2.979356E-03 -9.191605E-03  4.712121E-08
         4   1  3.191727E+01 -2.189635E-02 -6.485903E-02  2.729262E-03 -2.176682E-03 -1.022044E-08
         4   2  3.195815E+01  7.836923E-03  1.706479E-02  2.729296E-03 -2.176810E-03 -1.022063E-08
         4   3  3.191727E+01 -2.189635E-02 -6.485903E-02 -2.729262E-03 -2.176682E-03  1.022044E-08
         4   4  3.195815E+01  7.836923E-03  1.706479E-02 -2.729296E-03 -2.176810E-03  1.022063E-08
         4   5  3.191727E+01 -2.189635E-02 -6.485903E-02  2.729262E-03  2.176682E-03  1.022044E-08
         4   6  3.195815E+01  7.836923E-03  1.706479E-02  2.729296E-03  2.176810E-03  1.022063E-08
         4   7  3.191727E+01 -2.189635E-02 -6.485903E-02 -2.729262E-03  2.176682E-03 -1.022044E-08
         4   8  3.195815E+01  7.836923E-03  1.706479E-02 -2.729296E-03  2.176810E-03 -1.022063E-08

 strains (elem, integ.pnt.,exx,eyy,ezz,exy,exz,eyz) for set ALL and time  0.1000000E+01

         1   1  8.624424E-03 -8.676724E-04 -9.308928E-04  5.923740E-04  1.271031E-04 -5.776585E-20
         1   2  8.624424E-03 -3.234356E-03 -3.469717E-03  5.909679E-04  1.267794E-04 -4.082863E-19
         1   3  8.624424E-03 -8.676724E-04 -9.308928E-04 -5.923740E-04  1.271031E-04 -3.068432E-20
         1   4  8.624424E-03 -3.234356E-03 -3.469717E-03 -5.909679E-04  1.267794E-04 -6.244243E-19
         1   5  8.624424E-03 -8.676724E-04 -9.308928E-04  5.923740E-04 -1.271031E-04  2.009032E-20
         1   6  8.624424E-03 -3.234356E-03 -3.469717E-03  5.909679E-04 -1.267794E-04 -2.192104E-19
         1   7  8.624424E-03 -8.676724E-04 -9.308928E-04 -5.923740E-04 -1.271031E-04  2.009032E-20
         1   8  8.624424E-03 -3.234356E-03 -3.469717E-03 -5.909679E-04 -1.267794E-04 -4.083375E-19
         2   1  1.069113E-02 -4.025582E-03 -4.239144E-03 -5.029525E-05 -2.161616E-05 -4.094523E-19
         2   2  1.069113E-02 -3.824380E-03 -3.806727E-03 -5.030545E-05 -2.162558E-05  2.199900E-19
         2   3  1.069113E-02 -4.025582E-03 -4.239144E-03  5.029525E-05 -2.161616E-05  2.384450E-19
         2   4  1.069113E-02 -3.824380E-03 -3.806727E-03  5.030545E-05 -2.162558E-05 -9.052351E-20
         2   5  1.069113E-02 -4.025582E-03 -4.239144E-03 -5.029525E-05  2.161616E-05 -5.174816E-19
         2   6  1.069113E-02 -3.824380E-03 -3.806727E-03 -5.030545E-05  2.162558E-05  7.485935E-20
         2   7  1.069113E-02 -4.025582E-03 -4.239144E-03  5.029525E-05  2.161616E-05  4.273744E-19
         2   8  1.069113E-02 -3.824380E-03 -3.806727E-03  5.030545E-05  2.162558E-05 -5.124170E-19
         3   1  1.042593E-02 -3.752641E-03 -3.677952E-03  1.308216E-06  4.036284E-06  3.640878E-19
         3   2  1.042593E-02 -3.757874E-03 -3.758674E-03  1.308209E-06  4.035955E-06  4.539568E-19
         3   3  1.042593E-02 -3.752641E-03 -3.677952E-03 -1.308216E-06  4.036284E-06 -1.084703E-19
         3   4  1.042593E-02 -3.757874E-03 -3.758674E-03 -1.308209E-06  4.035955E-06  2.835003E-19
         3   5  1.042593E-02 -3.752641E-03 -3.677952E-03  1.308216E-06 -4.036284E-06  2.864480E-19
         3   6  1.042593E-02 -3.757874E-03 -3.758674E-03  1.308209E-06 -4.035955E-06  5.130259E-19
         3   7  1.042593E-02 -3.752641E-03 -3.677952E-03 -1.308216E-06 -4.036284E-06 -1.456024E-19
         3   8  1.042593E-02 -3.757874E-03 -3.758674E-03 -1.308209E-06 -4.035955E-06  2.699989E-19
         4   1  1.046061E-02 -3.761543E-03 -3.781223E-03  1.198261E-06 -9.556724E-07 -3.652152E-19
         4   2  1.046061E-02 -3.766336E-03 -3.762110E-03  1.198255E-06 -9.556908E-07 -1.230222E-18
         4   3  1.046061E-02 -3.761543E-03 -3.781223E-03 -1.198261E-06 -9.556724E-07  3.908661E-19
         4   4  1.046061E-02 -3.766336E-03 -3.762110E-03 -1.198255E-06 -9.556908E-07  6.633473E-19
         4   5  1.046061E-02 -3.761543E-03 -3.781223E-03  1.198261E-06  9.556724E-07  3.098590E-19
         4   6  1.046061E-02 -3.766336E-03 -3.762110E-03  1.198255E-06  9.556908E-07 -5.602155E-19
         4   7  1.046061E-02 -3.761543E-03 -3.781223E-03 -1.198261E-06  9.556724E-07  3.233602E-19
         4   8  1.046061E-02 -3.766336E-03 -3.762110E-03 -1.198255E-06  9.556908E-07  6.481586E-19
