
                        S T E P       1


                                INCREMENT     1


 forces (fx,fy,fz) for set RIGHT and time  0.5000000E-01

        17  1.720435E-01 -3.741472E-07 -1.869177E-06
        18  1.720435E-01  3.741472E-07 -1.869177E-06
        19  1.720435E-01  3.741472E-07  1.869177E-06
        20  1.720435E-01 -3.741472E-07  1.869177E-06

 displacements (vx,vy,vz) for set RIGHT and time  0.5000000E-01

        17  1.000000E-01  8.005241E-03  1.603774E-03
        18  1.000000E-01 -8.005241E-03  1.603774E-03
        19  1.000000E-01 -8.005241E-03 -1.603774E-03
        20  1.000000E-01  8.005241E-03 -1.603774E-03

 stresses (elem, integ.pnt.,sxx,syy,szz,sxy,sxz,syz) for set ALL and time  0.5000000E-01

         1   1  5.164079E-01  4.800028E-01  4.798221E-01  3.773794E-03  7.792359E-04  4.401861E-07
         1   2 -2.414626E-01 -2.931110E-01 -2.937818E-01  3.788312E-03  7.822337E-04  4.418796E-07
         1   3  5.164079E-01  4.800028E-01  4.798221E-01 -3.773794E-03  7.792359E-04 -4.401861E-07
         1   4 -2.414626E-01 -2.931110E-01 -2.937818E-01 -3.788312E-03  7.822337E-04 -4.418796E-07
         1   5  5.164079E-01  4.800028E-01  4.798221E-01  3.773794E-03 -7.792359E-04 -4.401861E-07
         1   6 -2.414626E-01 -2.931110E-01 -2.937818E-01  3.788312E-03 -7.822337E-04 -4.418796E-07
         1   7  5.164079E-01  4.800028E-01  4.798221E-01 -3.773794E-03 -7.792359E-04  4.401861E-07
         1   8 -2.414626E-01 -2.931110E-01 -2.937818E-01 -3.788312E-03 -7.822337E-04  4.418796E-07
         2   1  2.930810E-01  1.974190E-01  1.967150E-01  1.620428E-03  3.046023E-04  7.338932E-08
         2   2 -1.663165E-02 -1.188879E-01 -1.192054E-01  1.622973E-03  3.050808E-04  7.350460E-08
         2   3  2.930810E-01  1.974190E-01  1.967150E-01 -1.620428E-03  3.046023E-04 -7.338932E-08
         2   4 -1.663165E-02 -1.188879E-01 -1.192054E-01 -1.622973E-03  3.050808E-04 -7.350460E-08
         2   5  2.930810E-01  1.974190E-01  1.967150E-01  1.620428E-03 -3.046023E-04 -7.338932E-08
         2   6 -1.663165E-02 -1.188879E-01 -1.192054E-01  1.622973E-03 -3.050808E-04 -7.350460E-08
         2   7  2.930810E-01  1.974190E-01  1.967150E-01 -1.620428E-03 -3.046023E-04  7.338932E-08
         2   8 -1.663165E-02 -1.188879E-01 -1.192054E-01 -1.622973E-03 -3.050808E-04  7.350460E-08
         3   1  1.985683E-01  7.849939E-02  7.833498E-02  6.146673E-04  1.214505E-04  1.106938E-08
         3   2  7.831859E-02 -4.426149E-02 -4.439657E-02  6.150420E-04  1.215245E-04  1.107613E-08
         3   3  1.985683E-01  7.849939E-02  7.833498E-02 -6.146673E-04  1.214505E-04 -1.106939E-08
         3   4  7.831859E-02 -4.426149E-02 -4.439657E-02 -6.150420E-04  1.215245E-04 -1.107613E-08
         3   5  1.985683E-01  7.849939E-02  7.833498E-02  6.146673E-04 -1.214505E-04 -1.106939E-08
         3   6  7.831859E-02 -4.426149E-02 -4.439657E-02  6.150420E-04 -1.215245E-04 -1.107613E-08
         3   7  1.985683E-01  7.849939E-02  7.833498E-02 -6.146673E-04 -1.214505E-04  1.106938E-08
         3   8  7.831859E-02 -4.426149E-02 -4.439657E-02 -6.150420E-04 -1.215245E-04  1.107613E-08
         4   1  1.541767E-01  2.533230E-02  2.521904E-02  1.630545E-04  3.110194E-05  7.512112E-10
         4   2  1.228414E-01 -6.669474E-03 -6.752861E-03  1.630804E-04  3.110688E-05  7.513296E-10
         4   3  1.541767E-01  2.533230E-02  2.521904E-02 -1.630545E-04  3.110194E-05 -7.512120E-10
         4   4  1.228414E-01 -6.669474E-03 -6.752861E-03 -1.630804E-04  3.110688E-05 -7.513305E-10
         4   5  1.541767E-01  2.533230E-02  2.521904E-02  1.630545E-04 -3.110194E-05 -7.512113E-10
         4   6  1.228414E-01 -6.669474E-03 -6.752861E-03  1.630804E-04 -3.110688E-05 -7.513314E-10
         4   7  1.541767E-01  2.533230E-02  2.521904E-02 -1.630545E-04 -3.110194E-05  7.512103E-10
         4   8  1.228414E-01 -6.669474E-03 -6.752861E-03 -1.630804E-04 -3.110688E-05  7.513306E-10

 strains (elem, integ.pnt.,exx,eyy,ezz,exy,exz,eyz) for set ALL and time  0.5000000E-01

         1   1  2.323294E-03 -4.144052E-04 -4.278417E-04  2.829853E-04  5.843175E-05 -8.181255E-18
         1   2  2.323294E-03 -1.545705E-03 -1.595793E-03  2.826648E-04  5.836341E-05 -3.098930E-17
         1   3  2.323294E-03 -4.144052E-04 -4.278417E-04 -2.829853E-04  5.843175E-05 -2.428853E-17
         1   4  2.323294E-03 -1.545705E-03 -1.595793E-03 -2.826648E-04  5.836341E-05 -9.090706E-17
         1   5  2.323294E-03 -4.144052E-04 -4.278417E-04  2.829853E-04 -5.843175E-05 -6.268626E-18
         1   6  2.323294E-03 -1.545705E-03 -1.595793E-03  2.826648E-04 -5.836341E-05 -2.389236E-17
         1   7  2.323294E-03 -4.144052E-04 -4.278417E-04 -2.829853E-04 -5.843175E-05 -2.238945E-17
         1   8  2.323294E-03 -1.545705E-03 -1.595793E-03 -2.826648E-04 -5.836341E-05 -8.381011E-17
         2   1  5.047276E-03 -2.136371E-03 -2.189208E-03  1.208150E-04  2.270917E-05 -3.767638E-17
         2   2  5.047276E-03 -2.619513E-03 -2.643288E-03  1.207564E-04  2.269881E-05 -3.238473E-17
         2   3  5.047276E-03 -2.136371E-03 -2.189208E-03 -1.208150E-04  2.270917E-05 -9.398841E-17
         2   4  5.047276E-03 -2.619513E-03 -2.643288E-03 -1.207564E-04  2.269881E-05 -3.629114E-17
         2   5  5.047276E-03 -2.136371E-03 -2.189208E-03  1.208150E-04 -2.270917E-05 -3.070872E-17
         2   6  5.047276E-03 -2.619513E-03 -2.643288E-03  1.207564E-04 -2.269881E-05 -3.186771E-17
         2   7  5.047276E-03 -2.136371E-03 -2.189208E-03 -1.208150E-04 -2.270917E-05 -8.738589E-17
         2   8  5.047276E-03 -2.619513E-03 -2.643288E-03 -1.207564E-04 -2.269881E-05 -3.645334E-17
         3   1  6.148177E-03 -2.863237E-03 -2.875573E-03  4.571946E-05  9.033474E-06 -1.967275E-17
         3   2  6.148177E-03 -3.046098E-03 -3.056226E-03  4.571105E-05  9.031833E-06  9.387070E-18
         3   3  6.148177E-03 -2.863237E-03 -2.875573E-03 -4.571946E-05  9.033474E-06 -3.015936E-17
         3   4  6.148177E-03 -3.046098E-03 -3.056226E-03 -4.571105E-05  9.031833E-06 -7.135660E-17
         3   5  6.148177E-03 -2.863237E-03 -2.875573E-03  4.571946E-05 -9.033474E-06 -2.240248E-17
         3   6  6.148177E-03 -3.046098E-03 -3.056226E-03  4.571105E-05 -9.031833E-06  5.561757E-18
         3   7  6.148177E-03 -2.863237E-03 -2.875573E-03 -4.571946E-05 -9.033474E-06 -3.291611E-17
         3   8  6.148177E-03 -3.046098E-03 -3.056226E-03 -4.571105E-05 -9.031833E-06 -7.546480E-17
         4   1  6.536832E-03 -3.130763E-03 -3.139261E-03  1.211717E-05  2.311278E-06 -3.998661E-18
         4   2  6.536832E-03 -3.179230E-03 -3.185486E-03  1.211658E-05  2.311170E-06 -7.059594E-17
         4   3  6.536832E-03 -3.130763E-03 -3.139261E-03 -1.211717E-05  2.311278E-06 -6.387512E-17
         4   4  6.536832E-03 -3.179230E-03 -3.185486E-03 -1.211658E-05  2.311170E-06 -1.329167E-18
         4   5  6.536832E-03 -3.130763E-03 -3.139261E-03  1.211717E-05 -2.311278E-06 -6.342635E-18
         4   6  6.536832E-03 -3.179230E-03 -3.185486E-03  1.211658E-05 -2.311170E-06 -6.589048E-17
         4   7  6.536832E-03 -3.130763E-03 -3.139261E-03 -1.211717E-05 -2.311278E-06 -6.577326E-17
         4   8  6.536832E-03 -3.179230E-03 -3.185486E-03 -1.211658E-05 -2.311170E-06  3.216707E-18

                                INCREMENT     2


 forces (fx,fy,fz) for set RIGHT and time  0.1000000E+00

        17  3.421557E-01  2.144691E-15  1.325783E-15
        18  3.421557E-01 -2.064416E-15  7.632539E-15
        19  3.421557E-01  2.895819E-16 -7.607576E-15
        20  3.421557E-01 -3.671256E-16 -1.252484E-15

 displacements (vx,vy,vz) for set RIGHT and time  0.1000000E+00

        17  2.000000E-01  1.594686E-02  3.194812E-03
        18  2.000000E-01 -1.594686E-02  3.194812E-03
        19  2.000000E-01 -1.594686E-02 -3.194812E-03
        20  2.000000E-01  1.594686E-02 -3.194812E-03

 stresses (elem, integ.pnt.,sxx,syy,szz,sxy,sxz,syz) for set ALL and time  0.1000000E+00

         1   1  1.028722E+00  9.562691E-01  9.559071E-01  7.515714E-03  1.551746E-03  1.741977E-06
         1   2 -4.825643E-01 -5.856692E-01 -5.870051E-01  7.573470E-03  1.563670E-03  1.755363E-06
         1   3  1.028722E+00  9.562691E-01  9.559071E-01 -7.515714E-03  1.551746E-03 -1.741977E-06
         1   4 -4.825643E-01 -5.856692E-01 -5.870051E-01 -7.573470E-03  1.563670E-03 -1.755363E-06
         1   5  1.028722E+00  9.562691E-01  9.559071E-01  7.515714E-03 -1.551746E-03 -1.741977E-06
         1   6 -4.825643E-01 -5.856692E-01 -5.870051E-01  7.573470E-03 -1.563670E-03 -1.755363E-06
         1   7  1.028722E+00  9.562691E-01  9.559071E-01 -7.515714E-03 -1.551746E-03  1.741977E-06
         1   8 -4.825643E-01 -5.856692E-01 -5.870051E-01 -7.573470E-03 -1.563670E-03  1.755363E-06
         2   1  5.853375E-01  3.942366E-01  3.928417E-01  3.240550E-03  6.093594E-04  2.910186E-07
         2   2 -3.319823E-02 -2.377114E-01 -2.383437E-01  3.250725E-03  6.112726E-04  2.919323E-07
         2   3  5.853375E-01  3.942366E-01  3.928417E-01 -3.240550E-03  6.093594E-04 -2.910186E-07
         2   4 -3.319823E-02 -2.377114E-01 -2.383437E-01 -3.250725E-03  6.112726E-04 -2.919323E-07
         2   5  5.853375E-01  3.942366E-01  3.928417E-01  3.240550E-03 -6.093594E-04 -2.910186E-07
         2   6 -3.319823E-02 -2.377114E-01 -2.383437E-01  3.250725E-03 -6.112726E-04 -2.919323E-07
         2   7  5.853375E-01  3.942366E-01  3.928417E-01 -3.240550E-03 -6.093594E-04  2.910186E-07
         2   8 -3.319823E-02 -2.377114E-01 -2.383437E-01 -3.250725E-03 -6.112726E-04  2.919323E-07
         3   1  3.970956E-01  1.569200E-01  1.565920E-01  1.231823E-03  2.433243E-04  4.393328E-08
         3   2  1.567895E-01 -8.852358E-02 -8.879211E-02  1.233325E-03  2.436209E-04  4.398683E-08
         3   3  3.970956E-01  1.569200E-01  1.565920E-01 -1.231823E-03  2.433243E-04 -4.393328E-08
         3   4  1.567895E-01 -8.852358E-02 -8.879211E-02 -1.233325E-03  2.436209E-04 -4.398683E-08
         3   5  3.970956E-01  1.569200E-01  1.565920E-01  1.231823E-03 -2.433243E-04 -4.393328E-08
         3   6  1.567895E-01 -8.852358E-02 -8.879211E-02  1.233325E-03 -2.436209E-04 -4.398683E-08
         3   7  3.970956E-01  1.569200E-01  1.565920E-01 -1.231823E-03 -2.433243E-04  4.393328E-08
         3   8  1.567895E-01 -8.852358E-02 -8.879211E-02 -1.233325E-03 -2.436209E-04  4.398683E-08
         4   1  3.085221E-01  5.065939E-02  5.043475E-02  3.269059E-04  6.237532E-05  2.982709E-09
         4   2  2.458871E-01 -1.334059E-02 -1.350631E-02  3.270097E-04  6.239513E-05  2.983656E-09
         4   3  3.085221E-01  5.065939E-02  5.043475E-02 -3.269059E-04  6.237532E-05 -2.982709E-09
         4   4  2.458871E-01 -1.334059E-02 -1.350631E-02 -3.270097E-04  6.239513E-05 -2.983656E-09
         4   5  3.085221E-01  5.065939E-02  5.043475E-02  3.269059E-04 -6.237532E-05 -2.982709E-09
         4   6  2.458871E-01 -1.334059E-02 -1.350631E-02  3.270097E-04 -6.239513E-05 -2.983657E-09
         4   7  3.085221E-01  5.065939E-02  5.043475E-02 -3.269059E-04 -6.237532E-05  2.982709E-09
         4   8  2.458871E-01 -1.334059E-02 -1.350631E-02 -3.270097E-04 -6.239513E-05  2.983657E-09

 strains (elem, integ.pnt.,exx,eyy,ezz,exy,exz,eyz) for set ALL and time  0.1000000E+00

         1   1  4.637201E-03 -8.252548E-04 -8.519274E-04  5.634267E-04  1.163258E-04  2.063374E-17
         1   2  4.637201E-03 -3.076418E-03 -3.175733E-03  5.621548E-04  1.160547E-04  7.718873E-17
         1   3  4.637201E-03 -8.252548E-04 -8.519274E-04 -5.634267E-04  1.163258E-04 -1.757992E-17
         1   4  4.637201E-03 -3.076418E-03 -3.175733E-03 -5.621548E-04  1.160547E-04 -6.548499E-17
         1   5  4.637201E-03 -8.252548E-04 -8.519274E-04  5.634267E-04 -1.163258E-04  1.907314E-17
         1   6  4.637201E-03 -3.076418E-03 -3.175733E-03  5.621548E-04 -1.160547E-04  7.128512E-17
         1   7  4.637201E-03 -8.252548E-04 -8.519274E-04 -5.634267E-04 -1.163258E-04 -1.916760E-17
         1   8  4.637201E-03 -3.076418E-03 -3.175733E-03 -5.621548E-04 -1.160547E-04 -7.141563E-17
         2   1  1.011622E-02 -4.250820E-03 -4.355574E-03  2.401666E-04  4.515663E-05  6.718756E-17
         2   2  1.011622E-02 -5.211021E-03 -5.258296E-03  2.399339E-04  4.511549E-05 -1.390168E-17
         2   3  1.011622E-02 -4.250820E-03 -4.355574E-03 -2.401666E-04  4.515663E-05 -5.628982E-17
         2   4  1.011622E-02 -5.211021E-03 -5.258296E-03 -2.399339E-04  4.511549E-05  1.608167E-17
         2   5  1.011622E-02 -4.250820E-03 -4.355574E-03  2.401666E-04 -4.515663E-05  6.135842E-17
         2   6  1.011622E-02 -5.211021E-03 -5.258296E-03  2.399339E-04 -4.511549E-05 -1.562390E-17
         2   7  1.011622E-02 -4.250820E-03 -4.355574E-03 -2.401666E-04 -4.515663E-05 -6.211895E-17
         2   8  1.011622E-02 -5.211021E-03 -5.258296E-03 -2.399339E-04 -4.511549E-05  1.521553E-17
         3   1  1.234106E-02 -5.695287E-03 -5.719905E-03  9.086259E-05  1.794781E-05 -3.361699E-17
         3   2  1.234106E-02 -6.058671E-03 -6.078796E-03  9.082918E-05  1.794129E-05 -5.240511E-18
         3   3  1.234106E-02 -5.695287E-03 -5.719905E-03 -9.086259E-05  1.794781E-05  2.955438E-17
         3   4  1.234106E-02 -6.058671E-03 -6.078796E-03 -9.082918E-05  1.794129E-05 -2.696334E-18
         3   5  1.234106E-02 -5.695287E-03 -5.719905E-03  9.086259E-05 -1.794781E-05 -3.241100E-17
         3   6  1.234106E-02 -6.058671E-03 -6.078796E-03  9.082918E-05 -1.794129E-05 -1.856205E-18
         3   7  1.234106E-02 -5.695287E-03 -5.719905E-03 -9.086259E-05 -1.794781E-05  3.078732E-17
         3   8  1.234106E-02 -6.058671E-03 -6.078796E-03 -9.082918E-05 -1.794129E-05  1.538277E-18
         4   1  1.312796E-02 -6.226886E-03 -6.243747E-03  2.406992E-05  4.592587E-06 -3.265121E-18
         4   2  1.312796E-02 -6.323161E-03 -6.335594E-03  2.406758E-05  4.592160E-06 -2.486695E-17
         4   3  1.312796E-02 -6.226886E-03 -6.243747E-03 -2.406992E-05  4.592587E-06 -4.638033E-19
         4   4  1.312796E-02 -6.323161E-03 -6.335594E-03 -2.406758E-05  4.592160E-06  3.763809E-17
         4   5  1.312796E-02 -6.226886E-03 -6.243747E-03  2.406992E-05 -4.592587E-06 -1.635532E-18
         4   6  1.312796E-02 -6.323161E-03 -6.335594E-03  2.406758E-05 -4.592160E-06 -3.073996E-17
         4   7  1.312796E-02 -6.226886E-03 -6.243747E-03 -2.406992E-05 -4.592587E-06  8.835531E-20
         4   8  1.312796E-02 -6.323161E-03 -6.335594E-03 -2.406758E-05 -4.592160E-06  3.148901E-17

                                INCREMENT     3


 forces (fx,fy,fz) for set RIGHT and time  0.1750000E+00

        17  5.937877E-01 -1.039735E-13 -5.240292E-13
        18  5.937877E-01  1.040795E-13 -5.202276E-13
        19  5.937877E-01  1.058867E-13  5.201653E-13
        20  5.937877E-01 -1.059661E-13  5.237994E-13

 displacements (vx,vy,vz) for set RIGHT and time  0.1750000E+00

        17  3.500000E-01  2.774135E-02  5.557760E-03
        18  3.500000E-01 -2.774135E-02  5.557760E-03
        19  3.500000E-01 -2.774135E-02 -5.557760E-03
        20  3.500000E-01  2.774135E-02 -5.557760E-03

 stresses (elem, integ.pnt.,sxx,syy,szz,sxy,sxz,syz) for set ALL and time  0.1750000E+00

         1   1  1.789647E+00  1.663778E+00  1.663144E+00  1.306999E-02  2.698154E-03  5.250507E-06
         1   2 -8.435298E-01 -1.023468E+00 -1.025791E+00  1.324544E-02  2.734372E-03  5.320987E-06
         1   3  1.789647E+00  1.663778E+00  1.663144E+00 -1.306999E-02  2.698154E-03 -5.250507E-06
         1   4 -8.435298E-01 -1.023468E+00 -1.025791E+00 -1.324544E-02  2.734372E-03 -5.320987E-06
         1   5  1.789647E+00  1.663778E+00  1.663144E+00  1.306999E-02 -2.698154E-03 -5.250507E-06
         1   6 -8.435298E-01 -1.023468E+00 -1.025791E+00  1.324544E-02 -2.734372E-03 -5.320987E-06
         1   7  1.789647E+00  1.663778E+00  1.663144E+00 -1.306999E-02 -2.698154E-03  5.250507E-06
         1   8 -8.435298E-01 -1.023468E+00 -1.025791E+00 -1.324544E-02 -2.734372E-03  5.320987E-06
         2   1  1.022173E+00  6.883179E-01  6.859104E-01  5.669872E-03  1.066712E-03  8.796889E-07
         2   2 -5.788776E-02 -4.157997E-01 -4.168993E-01  5.700995E-03  1.072567E-03  8.845177E-07
         2   3  1.022173E+00  6.883179E-01  6.859104E-01 -5.669872E-03  1.066712E-03 -8.796889E-07
         2   4 -5.788776E-02 -4.157997E-01 -4.168993E-01 -5.700995E-03  1.072567E-03 -8.845177E-07
         2   5  1.022173E+00  6.883179E-01  6.859104E-01  5.669872E-03 -1.066712E-03 -8.796889E-07
         2   6 -5.788776E-02 -4.157997E-01 -4.168993E-01  5.700995E-03 -1.072567E-03 -8.845177E-07
         2   7  1.022173E+00  6.883179E-01  6.859104E-01 -5.669872E-03 -1.066712E-03  8.796889E-07
         2   8 -5.788776E-02 -4.157997E-01 -4.168993E-01 -5.700995E-03 -1.072567E-03  8.845177E-07
         3   1  6.948016E-01  2.743803E-01  2.738085E-01  2.161963E-03  4.268797E-04  1.329612E-07
         3   2  2.748154E-01 -1.548991E-01 -1.553648E-01  2.166572E-03  4.277897E-04  1.332447E-07
         3   3  6.948016E-01  2.743803E-01  2.738085E-01 -2.161963E-03  4.268797E-04 -1.329612E-07
         3   4  2.748154E-01 -1.548991E-01 -1.553648E-01 -2.166572E-03  4.277897E-04 -1.332447E-07
         3   5  6.948016E-01  2.743803E-01  2.738085E-01  2.161963E-03 -4.268797E-04 -1.329612E-07
         3   6  2.748154E-01 -1.548991E-01 -1.553648E-01  2.166572E-03 -4.277897E-04 -1.332447E-07
         3   7  6.948016E-01  2.743803E-01  2.738085E-01 -2.161963E-03 -4.268797E-04  1.329612E-07
         3   8  2.748154E-01 -1.548991E-01 -1.553648E-01 -2.166572E-03 -4.277897E-04  1.332447E-07
         4   1  5.403622E-01  8.862998E-02  8.824175E-02  5.740944E-04  1.095893E-04  9.031844E-09
         4   2  4.308592E-01 -2.334561E-02 -2.363281E-02  5.744132E-04  1.096501E-04  9.036861E-09
         4   3  5.403622E-01  8.862998E-02  8.824175E-02 -5.740944E-04  1.095893E-04 -9.031844E-09
         4   4  4.308592E-01 -2.334561E-02 -2.363281E-02 -5.744132E-04  1.096501E-04 -9.036861E-09
         4   5  5.403622E-01  8.862998E-02  8.824175E-02  5.740944E-04 -1.095893E-04 -9.031845E-09
         4   6  4.308592E-01 -2.334561E-02 -2.363281E-02  5.744132E-04 -1.096501E-04 -9.036861E-09
         4   7  5.403622E-01  8.862998E-02  8.824175E-02 -5.740944E-04 -1.095893E-04  9.031845E-09
         4   8  4.308592E-01 -2.334561E-02 -2.363281E-02 -5.744132E-04 -1.096501E-04  9.036861E-09

 strains (elem, integ.pnt.,exx,eyy,ezz,exy,exz,eyz) for set ALL and time  0.1750000E+00

         1   1  8.090663E-03 -1.434989E-03 -1.481153E-03  9.794115E-04  2.021792E-04  3.371414E-18
         1   2  8.090663E-03 -5.344939E-03 -5.516538E-03  9.755634E-04  2.013592E-04  1.280909E-17
         1   3  8.090663E-03 -1.434989E-03 -1.481153E-03 -9.794115E-04  2.021792E-04 -2.529002E-18
         1   4  8.090663E-03 -5.344939E-03 -5.516538E-03 -9.755634E-04  2.013592E-04 -8.111706E-18
         1   5  8.090663E-03 -1.434989E-03 -1.481153E-03  9.794115E-04 -2.021792E-04  2.951911E-18
         1   6  8.090663E-03 -5.344939E-03 -5.516538E-03  9.755634E-04 -2.013592E-04  1.102331E-17
         1   7  8.090663E-03 -1.434989E-03 -1.481153E-03 -9.794115E-04 -2.021792E-04 -2.786109E-18
         1   8  8.090663E-03 -5.344939E-03 -5.516538E-03 -9.755634E-04 -2.013592E-04 -9.897483E-18
         2   1  1.776022E-02 -7.382200E-03 -7.563162E-03  4.164869E-04  7.834212E-05  1.622519E-17
         2   2  1.776022E-02 -9.046739E-03 -9.128758E-03  4.157826E-04  7.821748E-05  1.528792E-17
         2   3  1.776022E-02 -7.382200E-03 -7.563162E-03 -4.164869E-04  7.834212E-05 -1.022166E-17
         2   4  1.776022E-02 -9.046739E-03 -9.128758E-03 -4.157826E-04  7.821748E-05 -1.232285E-17
         2   5  1.776022E-02 -7.382200E-03 -7.563162E-03  4.164869E-04 -7.834212E-05  1.395901E-17
         2   6  1.776022E-02 -9.046739E-03 -9.128758E-03  4.157826E-04 -7.821748E-05  1.158845E-17
         2   7  1.776022E-02 -7.382200E-03 -7.563162E-03 -4.164869E-04 -7.834212E-05 -1.291831E-17
         2   8  1.776022E-02 -9.046739E-03 -9.128758E-03 -4.157826E-04 -7.821748E-05 -1.426307E-17
         3   1  2.171428E-02 -9.885923E-03 -9.928857E-03  1.575014E-04  3.109729E-05 -2.499923E-18
         3   2  2.171428E-02 -1.051573E-02 -1.055061E-02  1.574002E-04  3.107756E-05 -4.813873E-17
         3   3  2.171428E-02 -9.885923E-03 -9.928857E-03 -1.575014E-04  3.109729E-05  3.940659E-18
         3   4  2.171428E-02 -1.051573E-02 -1.055061E-02 -1.574002E-04  3.107756E-05  4.900797E-17
         3   5  2.171428E-02 -9.885923E-03 -9.928857E-03  1.575014E-04 -3.109729E-05 -4.995520E-18
         3   6  2.171428E-02 -1.051573E-02 -1.055061E-02  1.574002E-04 -3.107756E-05 -4.617430E-17
         3   7  2.171428E-02 -9.885923E-03 -9.928857E-03 -1.575014E-04 -3.109729E-05  1.928103E-18
         3   8  2.171428E-02 -1.051573E-02 -1.055061E-02 -1.574002E-04 -3.107756E-05  4.962142E-17
         4   1  2.311663E-02 -1.080719E-02 -1.083634E-02  4.169152E-05  7.958286E-06 -4.704505E-17
         4   2  2.311663E-02 -1.097394E-02 -1.099550E-02  4.168441E-05  7.956991E-06 -4.021846E-18
         4   3  2.311663E-02 -1.080719E-02 -1.083634E-02 -4.169152E-05  7.958286E-06  5.504943E-17
         4   4  2.311663E-02 -1.097394E-02 -1.099550E-02 -4.168441E-05  7.956991E-06  1.298653E-17
         4   5  2.311663E-02 -1.080719E-02 -1.083634E-02  4.169152E-05 -7.958286E-06 -4.987352E-17
         4   6  2.311663E-02 -1.097394E-02 -1.099550E-02  4.168441E-05 -7.956991E-06 -1.415760E-17
         4   7  2.311663E-02 -1.080719E-02 -1.083634E-02 -4.169152E-05 -7.958286E-06  5.018336E-17
         4   8  2.311663E-02 -1.097394E-02 -1.099550E-02 -4.168441E-05 -7.956991E-06  9.207493E-19

                                INCREMENT     4


 forces (fx,fy,fz) for set RIGHT and time  0.2750000E+00

        17  9.228870E-01 -8.193592E-13 -4.193652E-12
        18  9.228870E-01  8.192326E-13 -4.196850E-12
        19  9.228870E-01  8.275791E-13  4.197223E-12
        20  9.228870E-01 -8.274240E-13  4.194123E-12

 displacements (vx,vy,vz) for set RIGHT and time  0.2750000E+00

        17  5.500000E-01  4.325045E-02  8.664936E-03
        18  5.500000E-01 -4.325045E-02  8.664936E-03
        19  5.500000E-01 -4.325045E-02 -8.664936E-03
        20  5.500000E-01  4.325045E-02 -8.664936E-03

 stresses (elem, integ.pnt.,sxx,syy,szz,sxy,sxz,syz) for set ALL and time  0.2750000E+00

         1   1  2.790436E+00  2.594538E+00  2.593538E+00  2.036902E-02  4.204225E-03  1.269652E-05
         1   2 -1.323512E+00 -1.605255E+00 -1.608877E+00  2.079764E-02  4.292695E-03  1.296370E-05
         1   3  2.790436E+00  2.594538E+00  2.593538E+00 -2.036902E-02  4.204225E-03 -1.269652E-05
         1   4 -1.323512E+00 -1.605255E+00 -1.608877E+00 -2.079764E-02  4.292695E-03 -1.296370E-05
         1   5  2.790436E+00  2.594538E+00  2.593538E+00  2.036902E-02 -4.204225E-03 -1.269652E-05
         1   6 -1.323512E+00 -1.605255E+00 -1.608877E+00  2.079764E-02 -4.292695E-03 -1.296370E-05
         1   7  2.790436E+00  2.594538E+00  2.593538E+00 -2.036902E-02 -4.204225E-03  1.269652E-05
         1   8 -1.323512E+00 -1.605255E+00 -1.608877E+00 -2.079764E-02 -4.292695E-03  1.296370E-05
         2   1  1.601720E+00  1.078249E+00  1.074534E+00  8.906687E-03  1.676749E-03  2.134741E-06
         2   2 -9.041953E-02 -6.529167E-01 -6.546306E-01  8.983411E-03  1.691193E-03  2.153130E-06
         2   3  1.601720E+00  1.078249E+00  1.074534E+00 -8.906687E-03  1.676749E-03 -2.134741E-06
         2   4 -9.041953E-02 -6.529167E-01 -6.546306E-01 -8.983411E-03  1.691193E-03 -2.153130E-06
         2   5  1.601720E+00  1.078249E+00  1.074534E+00  8.906687E-03 -1.676749E-03 -2.134741E-06
         2   6 -9.041953E-02 -6.529167E-01 -6.546306E-01  8.983411E-03 -1.691193E-03 -2.153130E-06
         2   7  1.601720E+00  1.078249E+00  1.074534E+00 -8.906687E-03 -1.676749E-03  2.134741E-06
         2   8 -9.041953E-02 -6.529167E-01 -6.546306E-01 -8.983411E-03 -1.691193E-03  2.153130E-06
         3   1  1.091563E+00  4.306196E-01  4.297258E-01  3.409762E-03  6.728939E-04  3.231066E-07
         3   2  4.328546E-01 -2.433267E-01 -2.440497E-01  3.421172E-03  6.751457E-04  3.241879E-07
         3   3  1.091563E+00  4.306196E-01  4.297258E-01 -3.409762E-03  6.728939E-04 -3.231066E-07
         3   4  4.328546E-01 -2.433267E-01 -2.440497E-01 -3.421172E-03  6.751457E-04 -3.241879E-07
         3   5  1.091563E+00  4.306196E-01  4.297258E-01  3.409762E-03 -6.728939E-04 -3.231066E-07
         3   6  4.328546E-01 -2.433267E-01 -2.440497E-01  3.421172E-03 -6.751457E-04 -3.241879E-07
         3   7  1.091563E+00  4.306196E-01  4.297258E-01 -3.409762E-03 -6.728939E-04  3.231066E-07
         3   8  4.328546E-01 -2.433267E-01 -2.440497E-01 -3.421172E-03 -6.751457E-04  3.241879E-07
         4   1  8.500912E-01  1.391916E-01  1.385916E-01  9.061172E-04  1.730669E-04  2.196078E-08
         4   2  6.782854E-01 -3.667595E-02 -3.712139E-02  9.069073E-04  1.732178E-04  2.197993E-08
         4   3  8.500912E-01  1.391916E-01  1.385916E-01 -9.061172E-04  1.730669E-04 -2.196078E-08
         4   4  6.782854E-01 -3.667595E-02 -3.712139E-02 -9.069073E-04  1.732178E-04 -2.197993E-08
         4   5  8.500912E-01  1.391916E-01  1.385916E-01  9.061172E-04 -1.730669E-04 -2.196078E-08
         4   6  6.782854E-01 -3.667595E-02 -3.712139E-02  9.069073E-04 -1.732178E-04 -2.197993E-08
         4   7  8.500912E-01  1.391916E-01  1.385916E-01 -9.061172E-04 -1.730669E-04  2.196078E-08
         4   8  6.782854E-01 -3.667595E-02 -3.712139E-02 -9.069073E-04 -1.732178E-04  2.197993E-08

 strains (elem, integ.pnt.,exx,eyy,ezz,exy,exz,eyz) for set ALL and time  0.2750000E+00

         1   1  1.266328E-02 -2.236056E-03 -2.307560E-03  1.525543E-03  3.148540E-04  2.363313E-17
         1   2  1.266328E-02 -8.319528E-03 -8.584722E-03  1.516192E-03  3.128622E-04  8.752010E-17
         1   3  1.266328E-02 -2.236056E-03 -2.307560E-03 -1.525543E-03  3.148540E-04 -1.055097E-17
         1   4  1.266328E-02 -8.319528E-03 -8.584722E-03 -1.516192E-03  3.128622E-04 -3.719664E-17
         1   5  1.266328E-02 -2.236056E-03 -2.307560E-03  1.525543E-03 -3.148540E-04  2.366016E-17
         1   6  1.266328E-02 -8.319528E-03 -8.584722E-03  1.516192E-03 -3.128622E-04  8.803066E-17
         1   7  1.266328E-02 -2.236056E-03 -2.307560E-03 -1.525543E-03 -3.148540E-04 -1.041575E-17
         1   8  1.266328E-02 -8.319528E-03 -8.584722E-03 -1.516192E-03 -3.128622E-04 -3.663234E-17
         2   1  2.802792E-02 -1.148405E-02 -1.176364E-02  6.466134E-04  1.216948E-04  8.136723E-17
         2   2  2.802792E-02 -1.406708E-02 -1.419450E-02  6.449016E-04  1.213915E-04 -2.875819E-18
         2   3  2.802792E-02 -1.148405E-02 -1.176364E-02 -6.466134E-04  1.216948E-04 -3.217716E-17
         2   4  2.802792E-02 -1.406708E-02 -1.419450E-02 -6.449016E-04  1.213915E-04  1.182075E-17
         2   5  2.802792E-02 -1.148405E-02 -1.176364E-02  6.466134E-04 -1.216948E-04  7.884889E-17
         2   6  2.802792E-02 -1.406708E-02 -1.419450E-02  6.449016E-04 -1.213915E-04 -6.402535E-18
         2   7  2.802792E-02 -1.148405E-02 -1.176364E-02 -6.466134E-04 -1.216948E-04 -3.260571E-17
         2   8  2.802792E-02 -1.406708E-02 -1.419450E-02 -6.449016E-04 -1.213915E-04  9.135748E-18
         3   1  3.436873E-02 -1.536865E-02 -1.543579E-02  2.443574E-04  4.821897E-05 -3.783640E-17
         3   2  3.436873E-02 -1.634559E-02 -1.639969E-02  2.441110E-04  4.817099E-05 -4.753831E-17
         3   3  3.436873E-02 -1.536865E-02 -1.543579E-02 -2.443574E-04  4.821897E-05  2.925027E-17
         3   4  3.436873E-02 -1.634559E-02 -1.639969E-02 -2.441110E-04  4.817099E-05  3.896797E-17
         3   5  3.436873E-02 -1.536865E-02 -1.543579E-02  2.443574E-04 -4.821897E-05 -4.045138E-17
         3   6  3.436873E-02 -1.634559E-02 -1.639969E-02  2.441110E-04 -4.817099E-05 -4.250672E-17
         3   7  3.436873E-02 -1.536865E-02 -1.543579E-02 -2.443574E-04 -4.821897E-05  2.839652E-17
         3   8  3.436873E-02 -1.634559E-02 -1.639969E-02 -2.441110E-04 -4.817099E-05  4.088052E-17
         4   1  3.662556E-02 -1.679753E-02 -1.684261E-02  6.461508E-05  1.234080E-05 -6.202619E-17
         4   2  3.662556E-02 -1.705596E-02 -1.708940E-02  6.459780E-05  1.233765E-05 -8.285021E-17
         4   3  3.662556E-02 -1.679753E-02 -1.684261E-02 -6.461508E-05  1.234080E-05  5.223129E-17
         4   4  3.662556E-02 -1.705596E-02 -1.708940E-02 -6.459780E-05  1.233765E-05  8.113121E-17
         4   5  3.662556E-02 -1.679753E-02 -1.684261E-02  6.461508E-05 -1.234080E-05 -5.246057E-17
         4   6  3.662556E-02 -1.705596E-02 -1.708940E-02  6.459780E-05 -1.233765E-05 -7.692327E-17
         4   7  3.662556E-02 -1.679753E-02 -1.684261E-02 -6.461508E-05 -1.234080E-05  5.572165E-17
         4   8  3.662556E-02 -1.705596E-02 -1.708940E-02 -6.459780E-05 -1.233765E-05  8.634557E-17

                                INCREMENT     5


 forces (fx,fy,fz) for set RIGHT and time  0.3750000E+00

        17  1.244919E+00 -1.239718E-12 -6.352528E-12
        18  1.244919E+00  1.239337E-12 -6.352334E-12
        19  1.244919E+00  1.238094E-12  6.353554E-12
        20  1.244919E+00 -1.237659E-12  6.353668E-12

 displacements (vx,vy,vz) for set RIGHT and time  0.3750000E+00

        17  7.500000E-01  5.851614E-02  1.172337E-02
        18  7.500000E-01 -5.851614E-02  1.172337E-02
        19  7.500000E-01 -5.851614E-02 -1.172337E-02
        20  7.500000E-01  5.851614E-02 -1.172337E-02

 stresses (elem, integ.pnt.,sxx,syy,szz,sxy,sxz,syz) for set ALL and time  0.3750000E+00

         1   1  3.775898E+00  3.511285E+00  3.509918E+00  2.754978E-02  5.685413E-03  2.312635E-05
         1   2 -1.801972E+00 -2.184816E+00 -2.189719E+00  2.833845E-02  5.848168E-03  2.378839E-05
         1   3  3.775898E+00  3.511285E+00  3.509918E+00 -2.754978E-02  5.685413E-03 -2.312635E-05
         1   4 -1.801972E+00 -2.184816E+00 -2.189719E+00 -2.833845E-02  5.848168E-03 -2.378839E-05
         1   5  3.775898E+00  3.511285E+00  3.509918E+00  2.754978E-02 -5.685413E-03 -2.312635E-05
         1   6 -1.801972E+00 -2.184816E+00 -2.189719E+00  2.833845E-02 -5.848168E-03 -2.378839E-05
         1   7  3.775898E+00  3.511285E+00  3.509918E+00 -2.754978E-02 -5.685413E-03  2.312635E-05
         1   8 -1.801972E+00 -2.184816E+00 -2.189719E+00 -2.833845E-02 -5.848168E-03  2.378839E-05
         2   1  2.177946E+00  1.465641E+00  1.460664E+00  1.214000E-02  2.286826E-03  3.900789E-06
         2   2 -1.223893E-01 -8.895716E-01 -8.918896E-01  1.228240E-02  2.313650E-03  3.946544E-06
         2   3  2.177946E+00  1.465641E+00  1.460664E+00 -1.214000E-02  2.286826E-03 -3.900789E-06
         2   4 -1.223893E-01 -8.895716E-01 -8.918896E-01 -1.228240E-02  2.313650E-03 -3.946544E-06
         2   5  2.177946E+00  1.465641E+00  1.460664E+00  1.214000E-02 -2.286826E-03 -3.900789E-06
         2   6 -1.223893E-01 -8.895716E-01 -8.918896E-01  1.228240E-02 -2.313650E-03 -3.946544E-06
         2   7  2.177946E+00  1.465641E+00  1.460664E+00 -1.214000E-02 -2.286826E-03  3.900789E-06
         2   8 -1.223893E-01 -8.895716E-01 -8.918896E-01 -1.228240E-02 -2.313650E-03  3.946544E-06
         3   1  1.488093E+00  5.863564E-01  5.851445E-01  4.665420E-03  9.202046E-04  5.910910E-07
         3   2  5.917640E-01 -3.316153E-01 -3.325893E-01  4.686684E-03  9.243988E-04  5.937851E-07
         3   3  1.488093E+00  5.863564E-01  5.851445E-01 -4.665420E-03  9.202046E-04 -5.910910E-07
         3   4  5.917640E-01 -3.316153E-01 -3.325893E-01 -4.686684E-03  9.243988E-04 -5.937851E-07
         3   5  1.488093E+00  5.863564E-01  5.851445E-01  4.665420E-03 -9.202046E-04 -5.910910E-07
         3   6  5.917640E-01 -3.316153E-01 -3.325893E-01  4.686684E-03 -9.243988E-04 -5.937851E-07
         3   7  1.488093E+00  5.863564E-01  5.851445E-01 -4.665420E-03 -9.202046E-04  5.910910E-07
         3   8  5.917640E-01 -3.316153E-01 -3.325893E-01 -4.686684E-03 -9.243988E-04  5.937851E-07
         4   1  1.160529E+00  1.896406E-01  1.888360E-01  1.240655E-03  2.370880E-04  4.019179E-08
         4   2  9.266821E-01 -4.998513E-02 -5.058453E-02  1.242128E-03  2.373696E-04  4.023951E-08
         4   3  1.160529E+00  1.896406E-01  1.888360E-01 -1.240655E-03  2.370880E-04 -4.019179E-08
         4   4  9.266821E-01 -4.998513E-02 -5.058453E-02 -1.242128E-03  2.373696E-04 -4.023951E-08
         4   5  1.160529E+00  1.896406E-01  1.888360E-01  1.240655E-03 -2.370880E-04 -4.019179E-08
         4   6  9.266821E-01 -4.998513E-02 -5.058453E-02  1.242128E-03 -2.373696E-04 -4.023951E-08
         4   7  1.160529E+00  1.896406E-01  1.888360E-01 -1.240655E-03 -2.370880E-04  4.019179E-08
         4   8  9.266821E-01 -4.998513E-02 -5.058453E-02 -1.242128E-03 -2.373696E-04  4.023951E-08

 strains (elem, integ.pnt.,exx,eyy,ezz,exy,exz,eyz) for set ALL and time  0.3750000E+00

         1   1  1.720000E-02 -3.023910E-03 -3.120050E-03  2.062236E-03  4.255398E-04 -1.350009E-17
         1   2  1.720000E-02 -1.123863E-02 -1.159440E-02  2.045122E-03  4.218954E-04 -5.125734E-17
         1   3  1.720000E-02 -3.023910E-03 -3.120050E-03 -2.062236E-03  4.255398E-04 -6.798395E-18
         1   4  1.720000E-02 -1.123863E-02 -1.159440E-02 -2.045122E-03  4.218954E-04 -2.252913E-17
         1   5  1.720000E-02 -3.023910E-03 -3.120050E-03  2.062236E-03 -4.255398E-04 -1.264218E-17
         1   6  1.720000E-02 -1.123863E-02 -1.159440E-02  2.045122E-03 -4.218954E-04 -4.860523E-17
         1   7  1.720000E-02 -3.023910E-03 -3.120050E-03 -2.062236E-03 -4.255398E-04 -6.048581E-18
         1   8  1.720000E-02 -1.123863E-02 -1.159440E-02 -2.045122E-03 -4.218954E-04 -1.987703E-17
         2   1  3.838204E-02 -1.550464E-02 -1.587962E-02  8.711816E-04  1.640420E-04 -5.074265E-17
         2   2  3.838204E-02 -1.898310E-02 -1.915491E-02  8.680486E-04  1.634862E-04 -8.080312E-18
         2   3  3.838204E-02 -1.550464E-02 -1.587962E-02 -8.711816E-04  1.640420E-04 -1.877820E-17
         2   4  3.838204E-02 -1.898310E-02 -1.915491E-02 -8.680486E-04  1.634862E-04  6.807608E-18
         2   5  3.838204E-02 -1.550464E-02 -1.587962E-02  8.711816E-04 -1.640420E-04 -4.626107E-17
         2   6  3.838204E-02 -1.898310E-02 -1.915491E-02  8.680486E-04 -1.634862E-04 -5.036185E-18
         2   7  3.838204E-02 -1.550464E-02 -1.587962E-02 -8.711816E-04 -1.640420E-04 -1.643114E-17
         2   8  3.838204E-02 -1.898310E-02 -1.915491E-02 -8.680486E-04 -1.634862E-04  5.252403E-18
         3   1  4.720266E-02 -2.073492E-02 -2.082601E-02  3.289515E-04  6.487603E-05 -1.042075E-18
         3   2  4.720266E-02 -2.204982E-02 -2.212265E-02  3.284999E-04  6.478819E-05 -2.338068E-17
         3   3  4.720266E-02 -2.073492E-02 -2.082601E-02 -3.289515E-04  6.487603E-05  1.848922E-17
         3   4  4.720266E-02 -2.204982E-02 -2.212265E-02 -3.284999E-04  6.478819E-05  3.085291E-17
         3   5  4.720266E-02 -2.073492E-02 -2.082601E-02  3.289515E-04 -6.487603E-05 -1.280805E-18
         3   6  4.720266E-02 -2.204982E-02 -2.212265E-02  3.284999E-04 -6.478819E-05 -2.416909E-17
         3   7  4.720266E-02 -2.073492E-02 -2.082601E-02 -3.289515E-04 -6.487603E-05  1.411069E-17
         3   8  4.720266E-02 -2.204982E-02 -2.212265E-02 -3.284999E-04 -6.478819E-05  2.703016E-17
         4   1  5.035292E-02 -2.265788E-02 -2.271837E-02  8.688867E-05  1.660329E-05 -2.193824E-17
         4   2  5.035292E-02 -2.300537E-02 -2.305037E-02  8.685704E-05  1.659752E-05  3.241272E-17
         4   3  5.035292E-02 -2.265788E-02 -2.271837E-02 -8.688867E-05  1.660329E-05  1.789339E-17
         4   4  5.035292E-02 -2.300537E-02 -2.305037E-02 -8.685704E-05  1.659752E-05 -2.346760E-17
         4   5  5.035292E-02 -2.265788E-02 -2.271837E-02  8.688867E-05 -1.660329E-05 -1.409905E-17
         4   6  5.035292E-02 -2.300537E-02 -2.305037E-02  8.685704E-05 -1.659752E-05  2.628402E-17
         4   7  5.035292E-02 -2.265788E-02 -2.271837E-02 -8.688867E-05 -1.660329E-05  1.821117E-17
         4   8  5.035292E-02 -2.300537E-02 -2.305037E-02 -8.685704E-05 -1.659752E-05 -1.993984E-17

                                INCREMENT     6


 forces (fx,fy,fz) for set RIGHT and time  0.4750000E+00

        17  1.560155E+00 -1.097791E-12 -5.779168E-12
        18  1.560155E+00  1.097949E-12 -5.802889E-12
        19  1.560155E+00  1.157356E-12  5.803036E-12
        20  1.560155E+00 -1.157315E-12  5.779714E-12

 displacements (vx,vy,vz) for set RIGHT and time  0.4750000E+00

        17  9.500000E-01  7.354320E-02  1.473402E-02
        18  9.500000E-01 -7.354320E-02  1.473402E-02
        19  9.500000E-01 -7.354320E-02 -1.473402E-02
        20  9.500000E-01  7.354320E-02 -1.473402E-02

 stresses (elem, integ.pnt.,sxx,syy,szz,sxy,sxz,syz) for set ALL and time  0.4750000E+00

         1   1  4.746472E+00  4.414414E+00  4.412679E+00  3.461613E-02  7.142553E-03  3.635675E-05
         1   2 -2.278884E+00 -2.762150E+00 -2.768316E+00  3.586841E-02  7.400942E-03  3.767200E-05
         1   3  4.746472E+00  4.414414E+00  4.412679E+00 -3.461613E-02  7.142553E-03 -3.635675E-05
         1   4 -2.278884E+00 -2.762150E+00 -2.768316E+00 -3.586841E-02  7.400942E-03 -3.767200E-05
         1   5  4.746472E+00  4.414414E+00  4.412679E+00  3.461613E-02 -7.142553E-03 -3.635675E-05
         1   6 -2.278884E+00 -2.762150E+00 -2.768316E+00  3.586841E-02 -7.400942E-03 -3.767200E-05
         1   7  4.746472E+00  4.414414E+00  4.412679E+00 -3.461613E-02 -7.142553E-03  3.635675E-05
         1   8 -2.278884E+00 -2.762150E+00 -2.768316E+00 -3.586841E-02 -7.400942E-03  3.767200E-05
         2   1  2.750849E+00  1.850445E+00  1.844250E+00  1.536888E-02  2.896710E-03  6.149965E-06
         2   2 -1.536725E-01 -1.125680E+00 -1.128593E+00  1.559688E-02  2.939683E-03  6.241201E-06
         2   3  2.750849E+00  1.850445E+00  1.844250E+00 -1.536888E-02  2.896710E-03 -6.149965E-06
         2   4 -1.536725E-01 -1.125680E+00 -1.128593E+00 -1.559688E-02  2.939683E-03 -6.241201E-06
         2   5  2.750849E+00  1.850445E+00  1.844250E+00  1.536888E-02 -2.896710E-03 -6.149965E-06
         2   6 -1.536725E-01 -1.125680E+00 -1.128593E+00  1.559688E-02 -2.939683E-03 -6.241201E-06
         2   7  2.750849E+00  1.850445E+00  1.844250E+00 -1.536888E-02 -2.896710E-03  6.149965E-06
         2   8 -1.536725E-01 -1.125680E+00 -1.128593E+00 -1.559688E-02 -2.939683E-03  6.241201E-06
         3   1  1.884364E+00  7.415132E-01  7.399872E-01  5.928046E-03  1.168642E-03  9.327700E-07
         3   2  7.516513E-01 -4.197064E-01 -4.209253E-01  5.962223E-03  1.175380E-03  9.381476E-07
         3   3  1.884364E+00  7.415132E-01  7.399872E-01 -5.928046E-03  1.168642E-03 -9.327700E-07
         3   4  7.516513E-01 -4.197064E-01 -4.209253E-01 -5.962223E-03  1.175380E-03 -9.381476E-07
         3   5  1.884364E+00  7.415132E-01  7.399872E-01  5.928046E-03 -1.168642E-03 -9.327700E-07
         3   6  7.516513E-01 -4.197064E-01 -4.209253E-01  5.962223E-03 -1.175380E-03 -9.381476E-07
         3   7  1.884364E+00  7.415132E-01  7.399872E-01 -5.928046E-03 -1.168642E-03  9.327700E-07
         3   8  7.516513E-01 -4.197064E-01 -4.209253E-01 -5.962223E-03 -1.175380E-03  9.381476E-07
         4   1  1.471687E+00  2.399377E-01  2.389354E-01  1.577416E-03  3.015910E-04  6.344106E-08
         4   2  1.176112E+00 -6.326255E-02 -6.401162E-02  1.579785E-03  3.020439E-04  6.353633E-08
         4   3  1.471687E+00  2.399377E-01  2.389354E-01 -1.577416E-03  3.015910E-04 -6.344106E-08
         4   4  1.176112E+00 -6.326255E-02 -6.401162E-02 -1.579785E-03  3.020439E-04 -6.353633E-08
         4   5  1.471687E+00  2.399377E-01  2.389354E-01  1.577416E-03 -3.015910E-04 -6.344106E-08
         4   6  1.176112E+00 -6.326255E-02 -6.401162E-02  1.579785E-03 -3.020439E-04 -6.353633E-08
         4   7  1.471687E+00  2.399377E-01  2.389354E-01 -1.577416E-03 -3.015910E-04  6.344106E-08
         4   8  1.176112E+00 -6.326255E-02 -6.401162E-02 -1.579785E-03 -3.020439E-04  6.353633E-08

 strains (elem, integ.pnt.,exx,eyy,ezz,exy,exz,eyz) for set ALL and time  0.4750000E+00

         1   1  2.170153E-02 -3.798969E-03 -3.919083E-03  2.589797E-03  5.343035E-04 -4.381141E-17
         1   2  2.170153E-02 -1.410409E-02 -1.454761E-02  2.562763E-03  5.285488E-04 -1.640225E-16
         1   3  2.170153E-02 -3.798969E-03 -3.919083E-03 -2.589797E-03  5.343035E-04 -3.430674E-17
         1   4  2.170153E-02 -1.410409E-02 -1.454761E-02 -2.562763E-03  5.285488E-04 -1.268282E-16
         1   5  2.170153E-02 -3.798969E-03 -3.919083E-03  2.589797E-03 -5.343035E-04 -4.393965E-17
         1   6  2.170153E-02 -1.410409E-02 -1.454761E-02  2.562763E-03 -5.285488E-04 -1.645033E-16
         1   7  2.170153E-02 -3.798969E-03 -3.919083E-03 -2.589797E-03 -5.343035E-04 -3.443499E-17
         1   8  2.170153E-02 -1.410409E-02 -1.454761E-02 -2.562763E-03 -5.285488E-04 -1.273090E-16
         2   1  4.882252E-02 -1.944665E-02 -1.991397E-02  1.090318E-03  2.054021E-04 -1.631315E-16
         2   2  4.882252E-02 -2.379803E-02 -2.401322E-02  1.085371E-03  2.045233E-04 -3.753925E-17
         2   3  4.882252E-02 -1.944665E-02 -1.991397E-02 -1.090318E-03  2.054021E-04 -1.227410E-16
         2   4  4.882252E-02 -2.379803E-02 -2.401322E-02 -1.085371E-03  2.045233E-04 -1.807047E-17
         2   5  4.882252E-02 -1.944665E-02 -1.991397E-02  1.090318E-03 -2.054021E-04 -1.634241E-16
         2   6  4.882252E-02 -2.379803E-02 -2.401322E-02  1.085371E-03 -2.045233E-04 -3.597265E-17
         2   7  4.882252E-02 -1.944665E-02 -1.991397E-02 -1.090318E-03 -2.054021E-04 -1.221832E-16
         2   8  4.882252E-02 -2.379803E-02 -2.401322E-02 -1.085371E-03 -2.045233E-04 -1.674193E-17
         3   1  6.021633E-02 -2.598818E-02 -2.610295E-02  4.113063E-04  8.107421E-05  3.930440E-18
         3   2  6.021633E-02 -2.763198E-02 -2.772304E-02  4.105925E-04  8.093551E-05 -2.866459E-18
         3   3  6.021633E-02 -2.598818E-02 -2.610295E-02 -4.113063E-04  8.107421E-05  1.570094E-17
         3   4  6.021633E-02 -2.763198E-02 -2.772304E-02 -4.105925E-04  8.093551E-05  1.435027E-17
         3   5  6.021633E-02 -2.598818E-02 -2.610295E-02  4.113063E-04 -8.107421E-05  7.677543E-18
         3   6  6.021633E-02 -2.763198E-02 -2.772304E-02  4.105925E-04 -8.093551E-05 -3.512125E-18
         3   7  6.021633E-02 -2.598818E-02 -2.610295E-02 -4.113063E-04 -8.107421E-05  1.591164E-17
         3   8  6.021633E-02 -2.763198E-02 -2.772304E-02 -4.105925E-04 -8.093551E-05  1.482428E-17
         4   1  6.429918E-02 -2.839183E-02 -2.846723E-02  1.085169E-04  2.074602E-05 -3.101122E-17
         4   2  6.429918E-02 -2.882580E-02 -2.888206E-02  1.084670E-04  2.073689E-05 -1.041143E-16
         4   3  6.429918E-02 -2.839183E-02 -2.846723E-02 -1.085169E-04  2.074602E-05  3.890597E-17
         4   4  6.429918E-02 -2.882580E-02 -2.888206E-02 -1.084670E-04  2.073689E-05  1.212491E-16
         4   5  6.429918E-02 -2.839183E-02 -2.846723E-02  1.085169E-04 -2.074602E-05 -3.588109E-17
         4   6  6.429918E-02 -2.882580E-02 -2.888206E-02  1.084670E-04 -2.073689E-05 -1.175723E-16
         4   7  6.429918E-02 -2.839183E-02 -2.846723E-02 -1.085169E-04 -2.074602E-05  3.730032E-17
         4   8  6.429918E-02 -2.882580E-02 -2.888206E-02 -1.084670E-04 -2.073689E-05  1.097119E-16

                                INCREMENT     7


 forces (fx,fy,fz) for set RIGHT and time  0.5750000E+00

        17  1.868853E+00 -1.053419E-12 -5.433001E-12
        18  1.868853E+00  1.053324E-12 -5.459602E-12
        19  1.868853E+00  1.067814E-12  5.460476E-12
        20  1.868853E+00 -1.067914E-12  5.432838E-12

 displacements (vx,vy,vz) for set RIGHT and time  0.5750000E+00

        17  1.150000E+00  8.833629E-02  1.769780E-02
        18  1.150000E+00 -8.833629E-02  1.769780E-02
        19  1.150000E+00 -8.833629E-02 -1.769780E-02
        20  1.150000E+00  8.833629E-02 -1.769780E-02

 stresses (elem, integ.pnt.,sxx,syy,szz,sxy,sxz,syz) for set ALL and time  0.5750000E+00

         1   1  5.702586E+00  5.304306E+00  5.302202E+00  4.157173E-02  8.576446E-03  5.221698E-05
         1   2 -2.754223E+00 -3.337259E+00 -3.344671E+00  4.338807E-02  8.951166E-03  5.449843E-05
         1   3  5.702586E+00  5.304306E+00  5.302202E+00 -4.157173E-02  8.576446E-03 -5.221698E-05
         1   4 -2.754223E+00 -3.337259E+00 -3.344671E+00 -4.338807E-02  8.951166E-03 -5.449843E-05
         1   5  5.702586E+00  5.304306E+00  5.302202E+00  4.157173E-02 -8.576446E-03 -5.221698E-05
         1   6 -2.754223E+00 -3.337259E+00 -3.344671E+00  4.338807E-02 -8.951166E-03 -5.449843E-05
         1   7  5.702586E+00  5.304306E+00  5.302202E+00 -4.157173E-02 -8.576446E-03  5.221698E-05
         1   8 -2.754223E+00 -3.337259E+00 -3.344671E+00 -4.338807E-02 -8.951166E-03  5.449843E-05
         2   1  3.320431E+00  2.232617E+00  2.225245E+00  1.859247E-02  3.506179E-03  8.855314E-06
         2   2 -1.841504E-01 -1.361163E+00 -1.364660E+00  1.892582E-02  3.569043E-03  9.014085E-06
         2   3  3.320431E+00  2.232617E+00  2.225245E+00 -1.859247E-02  3.506179E-03 -8.855314E-06
         2   4 -1.841504E-01 -1.361163E+00 -1.364660E+00 -1.892582E-02  3.569043E-03 -9.014085E-06
         2   5  3.320431E+00  2.232617E+00  2.225245E+00  1.859247E-02 -3.506179E-03 -8.855314E-06
         2   6 -1.841504E-01 -1.361163E+00 -1.364660E+00  1.892582E-02 -3.569043E-03 -9.014085E-06
         2   7  3.320431E+00  2.232617E+00  2.225245E+00 -1.859247E-02 -3.506179E-03  8.855314E-06
         2   8 -1.841504E-01 -1.361163E+00 -1.364660E+00 -1.892582E-02 -3.569043E-03  9.014085E-06
         3   1  2.280350E+00  8.960164E-01  8.941805E-01  7.196773E-03  1.418041E-03  1.344024E-06
         3   2  9.126200E-01 -5.075440E-01 -5.090016E-01  7.246919E-03  1.427922E-03  1.353389E-06
         3   3  2.280350E+00  8.960164E-01  8.941805E-01 -7.196773E-03  1.418041E-03 -1.344024E-06
         3   4  9.126200E-01 -5.075440E-01 -5.090016E-01 -7.246919E-03  1.427922E-03 -1.353389E-06
         3   5  2.280350E+00  8.960164E-01  8.941805E-01  7.196773E-03 -1.418041E-03 -1.344024E-06
         3   6  9.126200E-01 -5.075440E-01 -5.090016E-01  7.246919E-03 -1.427922E-03 -1.353389E-06
         3   7  2.280350E+00  8.960164E-01  8.941805E-01 -7.196773E-03 -1.418041E-03  1.344024E-06
         3   8  9.126200E-01 -5.075440E-01 -5.090016E-01 -7.246919E-03 -1.427922E-03  1.353389E-06
         4   1  1.783578E+00  2.900451E-01  2.888519E-01  1.916112E-03  3.665152E-04  9.142158E-08
         4   2  1.426634E+00 -7.649799E-02 -7.739245E-02  1.919589E-03  3.671803E-04  9.158747E-08
         4   3  1.783578E+00  2.900451E-01  2.888519E-01 -1.916112E-03  3.665152E-04 -9.142158E-08
         4   4  1.426634E+00 -7.649799E-02 -7.739245E-02 -1.919589E-03  3.671803E-04 -9.158747E-08
         4   5  1.783578E+00  2.900451E-01  2.888519E-01  1.916112E-03 -3.665152E-04 -9.142158E-08
         4   6  1.426634E+00 -7.649799E-02 -7.739245E-02  1.919589E-03 -3.671803E-04 -9.158747E-08
         4   7  1.783578E+00  2.900451E-01  2.888519E-01 -1.916112E-03 -3.665152E-04  9.142158E-08
         4   8  1.426634E+00 -7.649799E-02 -7.739245E-02 -1.919589E-03 -3.671803E-04  9.158747E-08

 strains (elem, integ.pnt.,exx,eyy,ezz,exy,exz,eyz) for set ALL and time  0.5750000E+00

         1   1  2.616860E-02 -4.561637E-03 -4.705097E-03  3.108517E-03  6.412090E-04  2.131436E-16
         1   2  2.616860E-02 -1.691769E-02 -1.744627E-02  3.069510E-03  6.329079E-04  7.979351E-16
         1   3  2.616860E-02 -4.561637E-03 -4.705097E-03 -3.108517E-03  6.412090E-04  2.124961E-16
         1   4  2.616860E-02 -1.691769E-02 -1.744627E-02 -3.069510E-03  6.329079E-04  7.911146E-16
         1   5  2.616860E-02 -4.561637E-03 -4.705097E-03  3.108517E-03 -6.412090E-04  2.169069E-16
         1   6  2.616860E-02 -1.691769E-02 -1.744627E-02  3.069510E-03 -6.329079E-04  8.124740E-16
         1   7  2.616860E-02 -4.561637E-03 -4.705097E-03 -3.108517E-03 -6.412090E-04  2.164752E-16
         1   8  2.616860E-02 -1.691769E-02 -1.744627E-02 -3.069510E-03 -6.329079E-04  8.056535E-16
         2   1  5.934934E-02 -2.331263E-02 -2.386938E-02  1.304148E-03  2.457933E-04  7.697277E-16
         2   2  5.934934E-02 -2.851495E-02 -2.877256E-02  1.297012E-03  2.445244E-04  1.176471E-16
         2   3  5.934934E-02 -2.331263E-02 -2.386938E-02 -1.304148E-03  2.457933E-04  7.780909E-16
         2   4  5.934934E-02 -2.851495E-02 -2.877256E-02 -1.297012E-03  2.445244E-04  1.543909E-16
         2   5  5.934934E-02 -2.331263E-02 -2.386938E-02  1.304148E-03 -2.457933E-04  7.864991E-16
         2   6  5.934934E-02 -2.851495E-02 -2.877256E-02  1.297012E-03 -2.445244E-04  1.174564E-16
         2   7  5.934934E-02 -2.331263E-02 -2.386938E-02 -1.304148E-03 -2.457933E-04  7.914747E-16
         2   8  5.934934E-02 -2.851495E-02 -2.877256E-02 -1.297012E-03 -2.445244E-04  1.621492E-16
         3   1  7.341003E-02 -3.113180E-02 -3.126994E-02  4.914460E-04  9.681952E-05 -8.846476E-17
         3   2  7.341003E-02 -3.309552E-02 -3.320433E-02  4.904158E-04  9.661953E-05  7.355333E-18
         3   3  7.341003E-02 -3.113180E-02 -3.126994E-02 -4.914460E-04  9.681952E-05 -5.297795E-17
         3   4  7.341003E-02 -3.309552E-02 -3.320433E-02 -4.904158E-04  9.661953E-05 -3.291980E-18
         3   5  7.341003E-02 -3.113180E-02 -3.126994E-02  4.914460E-04 -9.681952E-05 -8.993429E-17
         3   6  7.341003E-02 -3.309552E-02 -3.320433E-02  4.904158E-04 -9.661953E-05  5.206786E-18
         3   7  7.341003E-02 -3.113180E-02 -3.126994E-02 -4.914460E-04 -9.681952E-05 -5.549735E-17
         3   8  7.341003E-02 -3.309552E-02 -3.320433E-02 -4.904158E-04 -9.661953E-05  7.302197E-18
         4   1  7.846477E-02 -3.400289E-02 -3.409271E-02  1.295051E-04  2.476943E-05 -5.857190E-18
         4   2  7.846477E-02 -3.452077E-02 -3.458797E-02  1.294331E-04  2.475626E-05 -1.197309E-16
         4   3  7.846477E-02 -3.400289E-02 -3.409271E-02 -1.295051E-04  2.476943E-05  3.349825E-17
         4   4  7.846477E-02 -3.452077E-02 -3.458797E-02 -1.294331E-04  2.475626E-05  7.929065E-17
         4   5  7.846477E-02 -3.400289E-02 -3.409271E-02  1.295051E-04 -2.476943E-05  9.057390E-18
         4   6  7.846477E-02 -3.452077E-02 -3.458797E-02  1.294331E-04 -2.475626E-05 -1.150234E-16
         4   7  7.846477E-02 -3.400289E-02 -3.409271E-02 -1.295051E-04 -2.476943E-05  3.773660E-17
         4   8  7.846477E-02 -3.452077E-02 -3.458797E-02 -1.294331E-04 -2.475626E-05  8.295200E-17

                                INCREMENT     8


 forces (fx,fy,fz) for set RIGHT and time  0.6750000E+00

        17  2.171259E+00 -9.418407E-13 -4.982108E-12
        18  2.171259E+00  9.421271E-13 -4.724485E-12
        19  2.171259E+00  9.386117E-13  4.724617E-12
        20  2.171259E+00 -9.387619E-13  4.983147E-12

 displacements (vx,vy,vz) for set RIGHT and time  0.6750000E+00

        17  1.350000E+00  1.029000E-01  2.061563E-02
        18  1.350000E+00 -1.029000E-01  2.061563E-02
        19  1.350000E+00 -1.029000E-01 -2.061563E-02
        20  1.350000E+00  1.029000E-01 -2.061563E-02

 stresses (elem, integ.pnt.,sxx,syy,szz,sxy,sxz,syz) for set ALL and time  0.6750000E+00

         1   1  6.644650E+00  6.181331E+00  6.178856E+00  4.842013E-02  9.987860E-03  7.054787E-05
         1   2 -3.227967E+00 -3.910145E+00 -3.918789E+00  5.089801E-02  1.049899E-02  7.415814E-05
         1   3  6.644650E+00  6.181331E+00  6.178856E+00 -4.842013E-02  9.987860E-03 -7.054787E-05
         1   4 -3.227967E+00 -3.910145E+00 -3.918789E+00 -5.089801E-02  1.049899E-02 -7.415814E-05
         1   5  6.644650E+00  6.181331E+00  6.178856E+00  4.842013E-02 -9.987860E-03 -7.054787E-05
         1   6 -3.227967E+00 -3.910145E+00 -3.918789E+00  5.089801E-02 -1.049899E-02 -7.415814E-05
         1   7  6.644650E+00  6.181331E+00  6.178856E+00 -4.842013E-02 -9.987860E-03  7.054787E-05
         1   8 -3.227967E+00 -3.910145E+00 -3.918789E+00 -5.089801E-02 -1.049899E-02  7.415814E-05
         2   1  3.886697E+00  2.612119E+00  2.603608E+00  2.180993E-02  4.115024E-03  1.199079E-05
         2   2 -2.137092E-01 -1.595944E+00 -1.600017E+00  2.226821E-02  4.201490E-03  1.224274E-05
         2   3  3.886697E+00  2.612119E+00  2.603608E+00 -2.180993E-02  4.115024E-03 -1.199079E-05
         2   4 -2.137092E-01 -1.595944E+00 -1.600017E+00 -2.226821E-02  4.201490E-03 -1.224274E-05
         2   5  3.886697E+00  2.612119E+00  2.603608E+00  2.180993E-02 -4.115024E-03 -1.199079E-05
         2   6 -2.137092E-01 -1.595944E+00 -1.600017E+00  2.226821E-02 -4.201490E-03 -1.224274E-05
         2   7  3.886697E+00  2.612119E+00  2.603608E+00 -2.180993E-02 -4.115024E-03  1.199079E-05
         2   8 -2.137092E-01 -1.595944E+00 -1.600017E+00 -2.226821E-02 -4.201490E-03  1.224274E-05
         3   1  2.676028E+00  1.049796E+00  1.047655E+00  8.470758E-03  1.668241E-03  1.820769E-06
         3   2  1.074769E+00 -5.950742E-01 -5.967644E-01  8.539923E-03  1.681862E-03  1.835636E-06
         3   3  2.676028E+00  1.049796E+00  1.047655E+00 -8.470758E-03  1.668241E-03 -1.820769E-06
         3   4  1.074769E+00 -5.950742E-01 -5.967644E-01 -8.539923E-03  1.681862E-03 -1.835636E-06
         3   5  2.676028E+00  1.049796E+00  1.047655E+00  8.470758E-03 -1.668241E-03 -1.820769E-06
         3   6  1.074769E+00 -5.950742E-01 -5.967644E-01  8.539923E-03 -1.681862E-03 -1.835636E-06
         3   7  2.676028E+00  1.049796E+00  1.047655E+00 -8.470758E-03 -1.668241E-03  1.820769E-06
         3   8  1.074769E+00 -5.950742E-01 -5.967644E-01 -8.539923E-03 -1.681862E-03  1.835636E-06
         4   1  2.096213E+00  3.399265E-01  3.385489E-01  2.256461E-03  4.318011E-04  1.238446E-07
         4   2  1.678307E+00 -8.968161E-02 -9.071719E-02  2.261257E-03  4.327190E-04  1.241078E-07
         4   3  2.096213E+00  3.399265E-01  3.385489E-01 -2.256461E-03  4.318011E-04 -1.238446E-07
         4   4  1.678307E+00 -8.968161E-02 -9.071719E-02 -2.261257E-03  4.327190E-04 -1.241078E-07
         4   5  2.096213E+00  3.399265E-01  3.385489E-01  2.256461E-03 -4.318011E-04 -1.238446E-07
         4   6  1.678307E+00 -8.968161E-02 -9.071719E-02  2.261257E-03 -4.327190E-04 -1.241078E-07
         4   7  2.096213E+00  3.399265E-01  3.385489E-01 -2.256461E-03 -4.318011E-04  1.238446E-07
         4   8  1.678307E+00 -8.968161E-02 -9.071719E-02 -2.261257E-03 -4.327190E-04  1.241078E-07

 strains (elem, integ.pnt.,exx,eyy,ezz,exy,exz,eyz) for set ALL and time  0.6750000E+00

         1   1  3.060192E-02 -5.312300E-03 -5.478514E-03  3.618680E-03  7.463176E-04 -4.837137E-17
         1   2  3.060192E-02 -1.968113E-02 -2.029223E-02  3.565738E-03  7.350544E-04 -1.774659E-16
         1   3  3.060192E-02 -5.312300E-03 -5.478514E-03 -3.618680E-03  7.463176E-04 -3.909689E-17
         1   4  3.060192E-02 -1.968113E-02 -2.029223E-02 -3.565738E-03  7.350544E-04 -1.409108E-16
         1   5  3.060192E-02 -5.312300E-03 -5.478514E-03  3.618680E-03 -7.463176E-04 -4.810177E-17
         1   6  3.060192E-02 -1.968113E-02 -2.029223E-02  3.565738E-03 -7.350544E-04 -1.773332E-16
         1   7  3.060192E-02 -5.312300E-03 -5.478514E-03 -3.618680E-03 -7.463176E-04 -3.904298E-17
         1   8  3.060192E-02 -1.968113E-02 -2.029223E-02 -3.565738E-03 -7.350544E-04 -1.407780E-16
         2   1  6.996248E-02 -2.710502E-02 -2.774848E-02  1.512791E-03  2.852340E-04 -1.648964E-16
         2   2  6.996248E-02 -3.313683E-02 -3.343593E-02  1.503112E-03  2.835112E-04  2.768339E-18
         2   3  6.996248E-02 -2.710502E-02 -2.774848E-02 -1.512791E-03  2.852340E-04 -1.496076E-16
         2   4  6.996248E-02 -3.313683E-02 -3.343593E-02 -1.503112E-03  2.835112E-04 -5.967216E-17
         2   5  6.996248E-02 -2.710502E-02 -2.774848E-02  1.512791E-03 -2.852340E-04 -1.660561E-16
         2   6  6.996248E-02 -3.313683E-02 -3.343593E-02  1.503112E-03 -2.835112E-04  1.243242E-18
         2   7  6.996248E-02 -2.710502E-02 -2.774848E-02 -1.512791E-03 -2.852340E-04 -1.500291E-16
         2   8  6.996248E-02 -3.313683E-02 -3.343593E-02 -1.503112E-03 -2.835112E-04 -6.732604E-17
         3   1  8.678401E-02 -3.616898E-02 -3.633020E-02  5.693967E-04  1.121181E-04  4.715674E-17
         3   2  8.678401E-02 -3.844377E-02 -3.856985E-02  5.679987E-04  1.118470E-04  3.666070E-19
         3   3  8.678401E-02 -3.616898E-02 -3.633020E-02 -5.693967E-04  1.121181E-04 -2.907360E-17
         3   4  8.678401E-02 -3.844377E-02 -3.856985E-02 -5.679987E-04  1.118470E-04 -6.677755E-18
         3   5  8.678401E-02 -3.616898E-02 -3.633020E-02  5.693967E-04 -1.121181E-04  4.606061E-17
         3   6  8.678401E-02 -3.844377E-02 -3.856985E-02  5.679987E-04 -1.118470E-04  3.921507E-18
         3   7  8.678401E-02 -3.616898E-02 -3.633020E-02 -5.693967E-04 -1.121181E-04 -2.766352E-17
         3   8  8.678401E-02 -3.844377E-02 -3.856985E-02 -5.679987E-04 -1.118470E-04 -6.619192E-19
         4   1  9.285007E-02 -3.949443E-02 -3.959820E-02  1.498591E-04  2.867412E-05 -1.424068E-17
         4   2  9.285007E-02 -4.009368E-02 -4.017150E-02  1.497616E-04  2.865626E-05 -2.110799E-17
         4   3  9.285007E-02 -3.949443E-02 -3.959820E-02 -1.498591E-04  2.867412E-05  7.401750E-18
         4   4  9.285007E-02 -4.009368E-02 -4.017150E-02 -1.497616E-04  2.865626E-05  3.337880E-17
         4   5  9.285007E-02 -3.949443E-02 -3.959820E-02  1.498591E-04 -2.867412E-05 -2.001519E-17
         4   6  9.285007E-02 -4.009368E-02 -4.017150E-02  1.497616E-04 -2.865626E-05 -2.981568E-17
         4   7  9.285007E-02 -3.949443E-02 -3.959820E-02 -1.498591E-04 -2.867412E-05  4.956847E-18
         4   8  9.285007E-02 -4.009368E-02 -4.017150E-02 -1.497616E-04 -2.865626E-05  2.019986E-17

                                INCREMENT     9


 forces (fx,fy,fz) for set RIGHT and time  0.7750000E+00

        17  2.467610E+00 -8.727448E-13 -4.406254E-12
        18  2.467610E+00  8.720848E-13 -4.490096E-12
        19  2.467610E+00  8.478211E-13  4.492164E-12
        20  2.467610E+00 -8.472697E-13  4.407305E-12

 displacements (vx,vy,vz) for set RIGHT and time  0.7750000E+00

        17  1.550000E+00  1.172387E-01  2.348840E-02
        18  1.550000E+00 -1.172387E-01  2.348840E-02
        19  1.550000E+00 -1.172387E-01 -2.348840E-02
        20  1.550000E+00  1.172387E-01 -2.348840E-02

 stresses (elem, integ.pnt.,sxx,syy,szz,sxy,sxz,syz) for set ALL and time  0.7750000E+00

         1   1  7.573063E+00  7.045845E+00  7.042998E+00  5.516469E-02  1.137753E-02  9.120094E-05
         1   2 -3.700100E+00 -4.480815E+00 -4.490677E+00  5.839878E-02  1.204455E-02  9.654770E-05
         1   3  7.573063E+00  7.045845E+00  7.042998E+00 -5.516469E-02  1.137753E-02 -9.120094E-05
         1   4 -3.700100E+00 -4.480815E+00 -4.490677E+00 -5.839878E-02  1.204455E-02 -9.654770E-05
         1   5  7.573063E+00  7.045845E+00  7.042998E+00  5.516469E-02 -1.137753E-02 -9.120094E-05
         1   6 -3.700100E+00 -4.480815E+00 -4.490677E+00  5.839878E-02 -1.204455E-02 -9.654770E-05
         1   7  7.573063E+00  7.045845E+00  7.042998E+00 -5.516469E-02 -1.137753E-02  9.120094E-05
         1   8 -3.700100E+00 -4.480815E+00 -4.490677E+00 -5.839878E-02 -1.204455E-02  9.654770E-05
         2   1  4.449656E+00  2.988917E+00  2.979304E+00  2.502050E-02  4.723048E-03  1.553125E-05
         2   2 -2.422406E-01 -1.829950E+00 -1.834590E+00  2.562307E-02  4.836792E-03  1.590528E-05
         2   3  4.449656E+00  2.988917E+00  2.979304E+00 -2.502050E-02  4.723048E-03 -1.553125E-05
         2   4 -2.422406E-01 -1.829950E+00 -1.834590E+00 -2.562307E-02  4.836792E-03 -1.590528E-05
         2   5  4.449656E+00  2.988917E+00  2.979304E+00  2.502050E-02 -4.723048E-03 -1.553125E-05
         2   6 -2.422406E-01 -1.829950E+00 -1.834590E+00  2.562307E-02 -4.836792E-03 -1.590528E-05
         2   7  4.449656E+00  2.988917E+00  2.979304E+00 -2.502050E-02 -4.723048E-03  1.553125E-05
         2   8 -2.422406E-01 -1.829950E+00 -1.834590E+00 -2.562307E-02 -4.836792E-03  1.590528E-05
         3   1  3.071376E+00  1.202786E+00  1.200344E+00  9.749182E-03  1.919084E-03  2.358973E-06
         3   2  1.238194E+00 -6.822451E-01 -6.841621E-01  9.840400E-03  1.937040E-03  2.381045E-06
         3   3  3.071376E+00  1.202786E+00  1.200344E+00 -9.749182E-03  1.919084E-03 -2.358973E-06
         3   4  1.238194E+00 -6.822451E-01 -6.841621E-01 -9.840400E-03  1.937040E-03 -2.381045E-06
         3   5  3.071376E+00  1.202786E+00  1.200344E+00  9.749182E-03 -1.919084E-03 -2.358973E-06
         3   6  1.238194E+00 -6.822451E-01 -6.841621E-01  9.840400E-03 -1.937040E-03 -2.381045E-06
         3   7  3.071376E+00  1.202786E+00  1.200344E+00 -9.749182E-03 -1.919084E-03  2.358973E-06
         3   8  1.238194E+00 -6.822451E-01 -6.841621E-01 -9.840400E-03 -1.937040E-03  2.381045E-06
         4   1  2.409603E+00  3.895472E-01  3.879916E-01  2.598183E-03  4.973903E-04  1.604208E-07
         4   2  1.931185E+00 -1.028040E-01 -1.039764E-01  2.604510E-03  4.986014E-04  1.608114E-07
         4   3  2.409603E+00  3.895472E-01  3.879916E-01 -2.598183E-03  4.973903E-04 -1.604208E-07
         4   4  1.931185E+00 -1.028040E-01 -1.039764E-01 -2.604510E-03  4.986014E-04 -1.608114E-07
         4   5  2.409603E+00  3.895472E-01  3.879916E-01  2.598183E-03 -4.973903E-04 -1.604208E-07
         4   6  1.931185E+00 -1.028040E-01 -1.039764E-01  2.604510E-03 -4.986014E-04 -1.608114E-07
         4   7  2.409603E+00  3.895472E-01  3.879916E-01 -2.598183E-03 -4.973903E-04  1.604208E-07
         4   8  1.931185E+00 -1.028040E-01 -1.039764E-01 -2.604510E-03 -4.986014E-04  1.608114E-07

 strains (elem, integ.pnt.,exx,eyy,ezz,exy,exz,eyz) for set ALL and time  0.7750000E+00

         1   1  3.500218E-02 -6.051330E-03 -6.239737E-03  4.120553E-03  8.496879E-04 -1.025122E-17
         1   2  3.500218E-02 -2.239605E-02 -2.308728E-02  4.051806E-03  8.350661E-04 -3.442759E-17
         1   3  3.500218E-02 -6.051330E-03 -6.239737E-03 -4.120553E-03  8.496879E-04 -1.930323E-17
         1   4  3.500218E-02 -2.239605E-02 -2.308728E-02 -4.051806E-03  8.350661E-04 -7.511785E-17
         1   5  3.500218E-02 -6.051330E-03 -6.239737E-03  4.120553E-03 -8.496879E-04 -9.281500E-18
         1   6  3.500218E-02 -2.239605E-02 -2.308728E-02  4.051806E-03 -8.350661E-04 -3.167451E-17
         1   7  3.500218E-02 -6.051330E-03 -6.239737E-03 -4.120553E-03 -8.496879E-04 -1.768695E-17
         1   8  3.500218E-02 -2.239605E-02 -2.308728E-02 -4.051806E-03 -8.350661E-04 -7.225888E-17
         2   1  8.066197E-02 -3.082618E-02 -3.155375E-02  1.716367E-03  3.237423E-04 -4.249339E-17
         2   2  8.066197E-02 -3.766653E-02 -3.800622E-02  1.703809E-03  3.215049E-04 -3.308949E-17
         2   3  8.066197E-02 -3.082618E-02 -3.155375E-02 -1.716367E-03  3.237423E-04 -6.255322E-17
         2   4  8.066197E-02 -3.766653E-02 -3.800622E-02 -1.703809E-03  3.215049E-04  2.633669E-17
         2   5  8.066197E-02 -3.082618E-02 -3.155375E-02  1.716367E-03 -3.237423E-04 -3.503980E-17
         2   6  8.066197E-02 -3.766653E-02 -3.800622E-02  1.703809E-03 -3.215049E-04 -2.790456E-17
         2   7  8.066197E-02 -3.082618E-02 -3.155375E-02 -1.716367E-03 -3.237423E-04 -5.867032E-17
         2   8  8.066197E-02 -3.766653E-02 -3.800622E-02 -1.703809E-03 -3.215049E-04  3.480564E-17
         3   1  1.003385E-01 -4.110282E-02 -4.128681E-02  6.451855E-04  1.269765E-04 -2.582313E-17
         3   2  1.003385E-01 -4.367993E-02 -4.382282E-02  6.433713E-04  1.266250E-04 -2.939242E-17
         3   3  1.003385E-01 -4.110282E-02 -4.128681E-02 -6.451855E-04  1.269765E-04  4.392444E-17
         3   4  1.003385E-01 -4.367993E-02 -4.382282E-02 -6.433713E-04  1.266250E-04  2.989202E-17
         3   5  1.003385E-01 -4.110282E-02 -4.128681E-02  6.451855E-04 -1.269765E-04 -2.114999E-17
         3   6  1.003385E-01 -4.367993E-02 -4.382282E-02  6.433713E-04 -1.266250E-04 -2.475785E-17
         3   7  1.003385E-01 -4.110282E-02 -4.128681E-02 -6.451855E-04 -1.269765E-04  4.864950E-17
         3   8  1.003385E-01 -4.367993E-02 -4.382282E-02 -6.433713E-04 -1.266250E-04  3.780219E-17
         4   1  1.074554E-01 -4.486973E-02 -4.498697E-02  1.695854E-04  3.246086E-05 -2.383321E-17
         4   2  1.074554E-01 -4.554782E-02 -4.563596E-02  1.694590E-04  3.243770E-05 -3.780640E-17
         4   3  1.074554E-01 -4.486973E-02 -4.498697E-02 -1.695854E-04  3.246086E-05  3.243875E-17
         4   4  1.074554E-01 -4.554782E-02 -4.563596E-02 -1.694590E-04  3.243770E-05  3.795941E-17
         4   5  1.074554E-01 -4.486973E-02 -4.498697E-02  1.695854E-04 -3.246086E-05 -2.667832E-17
         4   6  1.074554E-01 -4.554782E-02 -4.563596E-02  1.694590E-04 -3.243770E-05 -2.798753E-17
         4   7  1.074554E-01 -4.486973E-02 -4.498697E-02 -1.695854E-04 -3.246086E-05  2.938678E-17
         4   8  1.074554E-01 -4.554782E-02 -4.563596E-02 -1.694590E-04 -3.243770E-05  4.359204E-17

                                INCREMENT    10


 forces (fx,fy,fz) for set RIGHT and time  0.8750000E+00

        17  2.758130E+00 -8.963153E-13 -4.911194E-12
        18  2.758130E+00  8.959847E-13 -4.574584E-12
        19  2.758130E+00  9.402009E-13  4.573899E-12
        20  2.758130E+00 -9.398191E-13  4.911243E-12

 displacements (vx,vy,vz) for set RIGHT and time  0.8750000E+00

        17  1.750000E+00  1.313569E-01  2.631697E-02
        18  1.750000E+00 -1.313569E-01  2.631697E-02
        19  1.750000E+00 -1.313569E-01 -2.631697E-02
        20  1.750000E+00  1.313569E-01 -2.631697E-02

 stresses (elem, integ.pnt.,sxx,syy,szz,sxy,sxz,syz) for set ALL and time  0.8750000E+00

         1   1  8.488208E+00  7.898193E+00  7.894973E+00  6.180867E-02  1.274615E-02  1.140376E-04
         1   2 -4.170606E+00 -5.049278E+00 -5.060345E+00  6.589095E-02  1.358800E-02  1.215695E-04
         1   3  8.488208E+00  7.898193E+00  7.894973E+00 -6.180867E-02  1.274615E-02 -1.140376E-04
         1   4 -4.170606E+00 -5.049278E+00 -5.060345E+00 -6.589095E-02  1.358800E-02 -1.215695E-04
         1   5  8.488208E+00  7.898193E+00  7.894973E+00  6.180867E-02 -1.274615E-02 -1.140376E-04
         1   6 -4.170606E+00 -5.049278E+00 -5.060345E+00  6.589095E-02 -1.358800E-02 -1.215695E-04
         1   7  8.488208E+00  7.898193E+00  7.894973E+00 -6.180867E-02 -1.274615E-02  1.140376E-04
         1   8 -4.170606E+00 -5.049278E+00 -5.060345E+00 -6.589095E-02 -1.358800E-02  1.215695E-04
         2   1  5.009320E+00  3.362983E+00  3.352302E+00  2.822345E-02  5.330065E-03  1.945244E-05
         2   2 -2.696408E-01 -2.063114E+00 -2.068311E+00  2.898944E-02  5.474725E-03  1.998038E-05
         2   3  5.009320E+00  3.362983E+00  3.352302E+00 -2.822345E-02  5.330065E-03 -1.945244E-05
         2   4 -2.696408E-01 -2.063114E+00 -2.068311E+00 -2.898944E-02  5.474725E-03 -1.998038E-05
         2   5  5.009320E+00  3.362983E+00  3.352302E+00  2.822345E-02 -5.330065E-03 -1.945244E-05
         2   6 -2.696408E-01 -2.063114E+00 -2.068311E+00  2.898944E-02 -5.474725E-03 -1.998038E-05
         2   7  5.009320E+00  3.362983E+00  3.352302E+00 -2.822345E-02 -5.330065E-03  1.945244E-05
         2   8 -2.696408E-01 -2.063114E+00 -2.068311E+00 -2.898944E-02 -5.474725E-03  1.998038E-05
         3   1  3.466377E+00  1.354923E+00  1.352184E+00  1.103125E-02  2.170418E-03  2.954662E-06
         3   2  1.402987E+00 -7.690072E-01 -7.711452E-01  1.114753E-02  2.193297E-03  2.985808E-06
         3   3  3.466377E+00  1.354923E+00  1.352184E+00 -1.103125E-02  2.170418E-03 -2.954662E-06
         3   4  1.402987E+00 -7.690072E-01 -7.711452E-01 -1.114753E-02  2.193297E-03 -2.985808E-06
         3   5  3.466377E+00  1.354923E+00  1.352184E+00  1.103125E-02 -2.170418E-03 -2.954662E-06
         3   6  1.402987E+00 -7.690072E-01 -7.711452E-01  1.114753E-02 -2.193297E-03 -2.985808E-06
         3   7  3.466377E+00  1.354923E+00  1.352184E+00 -1.103125E-02 -2.170418E-03  2.954662E-06
         3   8  1.402987E+00 -7.690072E-01 -7.711452E-01 -1.114753E-02 -2.193297E-03  2.985808E-06
         4   1  2.723758E+00  4.388738E-01  4.371465E-01  2.941008E-03  5.632256E-04  2.008619E-07
         4   2  2.185319E+00 -1.158560E-01 -1.171611E-01  2.949072E-03  5.647699E-04  2.014126E-07
         4   3  2.723758E+00  4.388738E-01  4.371465E-01 -2.941008E-03  5.632256E-04 -2.008619E-07
         4   4  2.185319E+00 -1.158560E-01 -1.171611E-01 -2.949072E-03  5.647699E-04 -2.014126E-07
         4   5  2.723758E+00  4.388738E-01  4.371465E-01  2.941008E-03 -5.632256E-04 -2.008619E-07
         4   6  2.185319E+00 -1.158560E-01 -1.171611E-01  2.949072E-03 -5.647699E-04 -2.014126E-07
         4   7  2.723758E+00  4.388738E-01  4.371465E-01 -2.941008E-03 -5.632256E-04  2.008619E-07
         4   8  2.185319E+00 -1.158560E-01 -1.171611E-01 -2.949072E-03 -5.647699E-04  2.014126E-07

 strains (elem, integ.pnt.,exx,eyy,ezz,exy,exz,eyz) for set ALL and time  0.8750000E+00

         1   1  3.937007E-02 -6.779082E-03 -6.989153E-03  4.614398E-03  9.513761E-04 -3.396481E-17
         1   2  3.937007E-02 -2.506399E-02 -2.583309E-02  4.528056E-03  9.330172E-04 -1.326807E-16
         1   3  3.937007E-02 -6.779082E-03 -6.989153E-03 -4.614398E-03  9.513761E-04 -3.676456E-17
         1   4  3.937007E-02 -2.506399E-02 -2.583309E-02 -4.528056E-03  9.330172E-04 -1.343714E-16
         1   5  3.937007E-02 -6.779082E-03 -6.989153E-03  4.614398E-03 -9.513761E-04 -3.754463E-17
         1   6  3.937007E-02 -2.506399E-02 -2.583309E-02  4.528056E-03 -9.330172E-04 -1.432389E-16
         1   7  3.937007E-02 -6.779082E-03 -6.989153E-03 -4.614398E-03 -9.513761E-04 -3.969829E-17
         1   8  3.937007E-02 -2.506399E-02 -2.583309E-02 -4.528056E-03 -9.330172E-04 -1.449296E-16
         2   1  9.144786E-02 -3.447835E-02 -3.528758E-02  1.914991E-03  3.613361E-04 -1.229895E-16
         2   2  9.144786E-02 -4.210680E-02 -4.248620E-02  1.899235E-03  3.585265E-04  1.739984E-17
         2   3  9.144786E-02 -3.447835E-02 -3.528758E-02 -1.914991E-03  3.613361E-04 -1.317768E-16
         2   4  9.144786E-02 -4.210680E-02 -4.248620E-02 -1.899235E-03  3.585265E-04 -5.626585E-17
         2   5  9.144786E-02 -3.447835E-02 -3.528758E-02  1.914991E-03 -3.613361E-04 -1.323967E-16
         2   6  9.144786E-02 -4.210680E-02 -4.248620E-02  1.899235E-03 -3.585265E-04  1.650412E-17
         2   7  9.144786E-02 -3.447835E-02 -3.528758E-02 -1.914991E-03 -3.613361E-04 -1.407659E-16
         2   8  9.144786E-02 -4.210680E-02 -4.248620E-02 -1.899235E-03 -3.585265E-04 -5.638355E-17
         3   1  1.140738E-01 -4.593632E-02 -4.614275E-02  7.188407E-04  1.414010E-04  3.283792E-17
         3   2  1.140738E-01 -4.880713E-02 -4.896637E-02  7.165647E-04  1.409605E-04 -6.239383E-17
         3   3  1.140738E-01 -4.593632E-02 -4.614275E-02 -7.188407E-04  1.414010E-04 -6.888543E-18
         3   4  1.140738E-01 -4.880713E-02 -4.896637E-02 -7.165647E-04  1.409605E-04  4.419075E-17
         3   5  1.140738E-01 -4.593632E-02 -4.614275E-02  7.188407E-04 -1.414010E-04  4.234156E-17
         3   6  1.140738E-01 -4.880713E-02 -4.896637E-02  7.165647E-04 -1.409605E-04 -4.983072E-17
         3   7  1.140738E-01 -4.593632E-02 -4.614275E-02 -7.188407E-04 -1.414010E-04 -5.598842E-18
         3   8  1.140738E-01 -4.880713E-02 -4.896637E-02 -7.165647E-04 -1.409605E-04  5.398591E-17
         4   1  1.222812E-01 -5.013195E-02 -5.026221E-02  1.886910E-04  3.613053E-05 -8.467107E-17
         4   2  1.222812E-01 -5.088640E-02 -5.098453E-02  1.885327E-04  3.610151E-05 -7.290619E-17
         4   3  1.222812E-01 -5.013195E-02 -5.026221E-02 -1.886910E-04  3.613053E-05  7.000235E-17
         4   4  1.222812E-01 -5.088640E-02 -5.098453E-02 -1.885327E-04  3.610151E-05  9.752600E-17
         4   5  1.222812E-01 -5.013195E-02 -5.026221E-02  1.886910E-04 -3.613053E-05 -7.819300E-17
         4   6  1.222812E-01 -5.088640E-02 -5.098453E-02  1.885327E-04 -3.610151E-05 -9.095121E-17
         4   7  1.222812E-01 -5.013195E-02 -5.026221E-02 -1.886910E-04 -3.613053E-05  7.668607E-17
         4   8  1.222812E-01 -5.088640E-02 -5.098453E-02 -1.885327E-04 -3.610151E-05  8.362971E-17

                                INCREMENT    11


 forces (fx,fy,fz) for set RIGHT and time  0.9750000E+00

        17  3.043035E+00 -7.846318E-13 -4.078900E-12
        18  3.043035E+00  7.850170E-13 -4.086773E-12
        19  3.043035E+00  7.878840E-13  4.087730E-12
        20  3.043035E+00 -7.883859E-13  4.080479E-12

 displacements (vx,vy,vz) for set RIGHT and time  0.9750000E+00

        17  1.950000E+00  1.452588E-01  2.910220E-02
        18  1.950000E+00 -1.452588E-01  2.910220E-02
        19  1.950000E+00 -1.452588E-01 -2.910220E-02
        20  1.950000E+00  1.452588E-01 -2.910220E-02

 stresses (elem, integ.pnt.,sxx,syy,szz,sxy,sxz,syz) for set ALL and time  0.9750000E+00

         1   1  9.390457E+00  8.738710E+00  8.735115E+00  6.835520E-02  1.409441E-02  1.389285E-04
         1   2 -4.639472E+00 -5.615543E+00 -5.627803E+00  7.337508E-02  1.512948E-02  1.491311E-04
         1   3  9.390457E+00  8.738710E+00  8.735115E+00 -6.835520E-02  1.409441E-02 -1.389285E-04
         1   4 -4.639472E+00 -5.615543E+00 -5.627803E+00 -7.337508E-02  1.512948E-02 -1.491311E-04
         1   5  9.390457E+00  8.738710E+00  8.735115E+00  6.835520E-02 -1.409441E-02 -1.389285E-04
         1   6 -4.639472E+00 -5.615543E+00 -5.627803E+00  7.337508E-02 -1.512948E-02 -1.491311E-04
         1   7  9.390457E+00  8.738710E+00  8.735115E+00 -6.835520E-02 -1.409441E-02  1.389285E-04
         1   8 -4.639472E+00 -5.615543E+00 -5.627803E+00 -7.337508E-02 -1.512948E-02  1.491311E-04
         2   1  5.565706E+00  3.734291E+00  3.722576E+00  3.141808E-02  5.935901E-03  2.373099E-05
         2   2 -2.958108E-01 -2.295369E+00 -2.301116E+00  3.236642E-02  6.115073E-03  2.444730E-05
         2   3  5.565706E+00  3.734291E+00  3.722576E+00 -3.141808E-02  5.935901E-03 -2.373099E-05
         2   4 -2.958108E-01 -2.295369E+00 -2.301116E+00 -3.236642E-02  6.115073E-03 -2.444730E-05
         2   5  5.565706E+00  3.734291E+00  3.722576E+00  3.141808E-02 -5.935901E-03 -2.373099E-05
         2   6 -2.958108E-01 -2.295369E+00 -2.301116E+00  3.236642E-02 -6.115073E-03 -2.444730E-05
         2   7  5.565706E+00  3.734291E+00  3.722576E+00 -3.141808E-02 -5.935901E-03  2.373099E-05
         2   8 -2.958108E-01 -2.295369E+00 -2.301116E+00 -3.236642E-02 -6.115073E-03  2.444730E-05
         3   1  3.861011E+00  1.506148E+00  1.503118E+00  1.231619E-02  2.422094E-03  3.603928E-06
         3   2  1.569233E+00 -8.553128E-01 -8.576661E-01  1.246052E-02  2.450479E-03  3.646163E-06
         3   3  3.861011E+00  1.506148E+00  1.503118E+00 -1.231619E-02  2.422094E-03 -3.603928E-06
         3   4  1.569233E+00 -8.553128E-01 -8.576661E-01 -1.246052E-02  2.450479E-03 -3.646163E-06
         3   5  3.861011E+00  1.506148E+00  1.503118E+00  1.231619E-02 -2.422094E-03 -3.603928E-06
         3   6  1.569233E+00 -8.553128E-01 -8.576661E-01  1.246052E-02 -2.450479E-03 -3.646163E-06
         3   7  3.861011E+00  1.506148E+00  1.503118E+00 -1.231619E-02 -2.422094E-03  3.603928E-06
         3   8  1.569233E+00 -8.553128E-01 -8.576661E-01 -1.246052E-02 -2.450479E-03  3.646163E-06
         4   1  3.038689E+00  4.878744E-01  4.859815E-01  3.284666E-03  6.292508E-04  2.448813E-07
         4   2  2.440761E+00 -1.288291E-01 -1.302627E-01  3.294673E-03  6.311679E-04  2.456274E-07
         4   3  3.038689E+00  4.878744E-01  4.859815E-01 -3.284666E-03  6.292508E-04 -2.448813E-07
         4   4  2.440761E+00 -1.288291E-01 -1.302627E-01 -3.294673E-03  6.311679E-04 -2.456274E-07
         4   5  3.038689E+00  4.878744E-01  4.859815E-01  3.284666E-03 -6.292508E-04 -2.448813E-07
         4   6  2.440761E+00 -1.288291E-01 -1.302627E-01  3.294673E-03 -6.311679E-04 -2.456274E-07
         4   7  3.038689E+00  4.878744E-01  4.859815E-01 -3.284666E-03 -6.292508E-04  2.448813E-07
         4   8  2.440761E+00 -1.288291E-01 -1.302627E-01 -3.294673E-03 -6.311679E-04  2.456274E-07

 strains (elem, integ.pnt.,exx,eyy,ezz,exy,exz,eyz) for set ALL and time  0.9750000E+00

         1   1  4.370628E-02 -7.495899E-03 -7.727133E-03  5.100461E-03  1.051436E-03  6.687485E-18
         1   2  4.370628E-02 -2.768646E-02 -2.853128E-02  4.994818E-03  1.028979E-03  2.434201E-17
         1   3  4.370628E-02 -7.495899E-03 -7.727133E-03 -5.100461E-03  1.051436E-03 -1.920870E-18
         1   4  4.370628E-02 -2.768646E-02 -2.853128E-02 -4.994818E-03  1.028979E-03 -4.320184E-18
         1   5  4.370628E-02 -7.495899E-03 -7.727133E-03  5.100461E-03 -1.051436E-03  7.158043E-18
         1   6  4.370628E-02 -2.768646E-02 -2.853128E-02  4.994818E-03 -1.028979E-03  2.728989E-17
         1   7  4.370628E-02 -7.495899E-03 -7.727133E-03 -5.100461E-03 -1.051436E-03 -1.019894E-18
         1   8  4.370628E-02 -2.768646E-02 -2.853128E-02 -4.994818E-03 -1.028979E-03 -1.161742E-18
         2   1  1.023202E-01 -3.806369E-02 -3.895225E-02  2.108776E-03  3.980332E-04 -9.438922E-18
         2   2  1.023202E-01 -4.646029E-02 -4.687855E-02  2.089523E-03  3.945969E-04 -1.305319E-16
         2   3  1.023202E-01 -3.806369E-02 -3.895225E-02 -2.108776E-03  3.980332E-04 -3.757627E-17
         2   4  1.023202E-01 -4.646029E-02 -4.687855E-02 -2.089523E-03  3.945969E-04 -1.020321E-16
         2   5  1.023202E-01 -3.806369E-02 -3.895225E-02  2.108776E-03 -3.980332E-04 -8.451468E-18
         2   6  1.023202E-01 -4.646029E-02 -4.687855E-02  2.089523E-03 -3.945969E-04 -1.309317E-16
         2   7  1.023202E-01 -3.806369E-02 -3.895225E-02 -2.108776E-03 -3.980332E-04 -3.533788E-17
         2   8  1.023202E-01 -4.646029E-02 -4.687855E-02 -2.089523E-03 -3.945969E-04 -1.002118E-16
         3   1  1.279900E-01 -5.067236E-02 -5.090091E-02  7.903920E-04  1.553985E-04 -1.370444E-16
         3   2  1.279900E-01 -5.382837E-02 -5.400351E-02  7.876113E-04  1.548608E-04 -4.786856E-17
         3   3  1.279900E-01 -5.067236E-02 -5.090091E-02 -7.903920E-04  1.553985E-04 -8.729919E-17
         3   4  1.279900E-01 -5.382837E-02 -5.400351E-02 -7.876113E-04  1.548608E-04  1.961212E-17
         3   5  1.279900E-01 -5.067236E-02 -5.090091E-02  7.903920E-04 -1.553985E-04 -1.366848E-16
         3   6  1.279900E-01 -5.382837E-02 -5.400351E-02  7.876113E-04 -1.548608E-04 -4.076446E-17
         3   7  1.279900E-01 -5.067236E-02 -5.090091E-02 -7.903920E-04 -1.553985E-04 -8.714506E-17
         3   8  1.279900E-01 -5.382837E-02 -5.400351E-02 -7.876113E-04 -1.548608E-04  2.887977E-17
         4   1  1.373275E-01 -5.528416E-02 -5.542700E-02  2.071832E-04  3.968417E-05 -2.973831E-17
         4   2  1.373275E-01 -5.611250E-02 -5.622033E-02  2.069901E-04  3.964874E-05 -4.721781E-17
         4   3  1.373275E-01 -5.528416E-02 -5.542700E-02 -2.071832E-04  3.968417E-05  4.388224E-17
         4   4  1.373275E-01 -5.611250E-02 -5.622033E-02 -2.069901E-04  3.964874E-05  3.254008E-17
         4   5  1.373275E-01 -5.528416E-02 -5.542700E-02  2.071832E-04 -3.968417E-05 -1.399291E-17
         4   6  1.373275E-01 -5.611250E-02 -5.622033E-02  2.069901E-04 -3.964874E-05 -3.511296E-17
         4   7  1.373275E-01 -5.528416E-02 -5.542700E-02 -2.071832E-04 -3.968417E-05  5.799163E-17
         4   8  1.373275E-01 -5.611250E-02 -5.622033E-02 -2.069901E-04 -3.964874E-05  3.118589E-17

                                INCREMENT    12


 forces (fx,fy,fz) for set RIGHT and time  0.1000000E+01

        17  3.113408E+00  1.655531E-14  8.091618E-14
        18  3.113408E+00 -1.732711E-14  5.690587E-14
        19  3.113408E+00 -1.235820E-14 -5.804385E-14
        20  3.113408E+00  1.300664E-14 -8.308024E-14

 displacements (vx,vy,vz) for set RIGHT and time  0.1000000E+01

        17  2.000000E+00  1.487010E-01  2.979184E-02
        18  2.000000E+00 -1.487010E-01  2.979184E-02
        19  2.000000E+00 -1.487010E-01 -2.979184E-02
        20  2.000000E+00  1.487010E-01 -2.979184E-02

 stresses (elem, integ.pnt.,sxx,syy,szz,sxy,sxz,syz) for set ALL and time  0.1000000E+01

         1   1  9.614046E+00  8.947028E+00  8.943340E+00  6.997695E-02  1.442837E-02  1.454578E-04
         1   2 -4.756432E+00 -5.756767E+00 -5.769324E+00  7.524492E-02  1.551456E-02  1.564081E-04
         1   3  9.614046E+00  8.947028E+00  8.943340E+00 -6.997695E-02  1.442837E-02 -1.454578E-04
         1   4 -4.756432E+00 -5.756767E+00 -5.769324E+00 -7.524492E-02  1.551456E-02 -1.564081E-04
         1   5  9.614046E+00  8.947028E+00  8.943340E+00  6.997695E-02 -1.442837E-02 -1.454578E-04
         1   6 -4.756432E+00 -5.756767E+00 -5.769324E+00  7.524492E-02 -1.551456E-02 -1.564081E-04
         1   7  9.614046E+00  8.947028E+00  8.943340E+00 -6.997695E-02 -1.442837E-02  1.454578E-04
         1   8 -4.756432E+00 -5.756767E+00 -5.769324E+00 -7.524492E-02 -1.551456E-02  1.564081E-04
         2   1  5.704292E+00  3.826685E+00  3.814716E+00  3.221537E-02  6.087155E-03  2.485382E-05
         2   2 -3.021499E-01 -2.353283E+00 -2.359166E+00  3.321222E-02  6.275513E-03  2.562288E-05
         2   3  5.704292E+00  3.826685E+00  3.814716E+00 -3.221537E-02  6.087155E-03 -2.485382E-05
         2   4 -3.021499E-01 -2.353283E+00 -2.359166E+00 -3.321222E-02  6.275513E-03 -2.562288E-05
         2   5  5.704292E+00  3.826685E+00  3.814716E+00  3.221537E-02 -6.087155E-03 -2.485382E-05
         2   6 -3.021499E-01 -2.353283E+00 -2.359166E+00  3.321222E-02 -6.275513E-03 -2.562288E-05
         2   7  5.704292E+00  3.826685E+00  3.814716E+00 -3.221537E-02 -6.087155E-03  2.485382E-05
         2   8 -3.021499E-01 -2.353283E+00 -2.359166E+00 -3.321222E-02 -6.275513E-03  2.562288E-05
         3   1  3.959611E+00  1.543805E+00  1.540703E+00  1.263778E-02  2.485050E-03  3.774166E-06
         3   2  1.611032E+00 -8.768126E-01 -8.792188E-01  1.278959E-02  2.514901E-03  3.819502E-06
         3   3  3.959611E+00  1.543805E+00  1.540703E+00 -1.263778E-02  2.485050E-03 -3.774166E-06
         3   4  1.611032E+00 -8.768126E-01 -8.792188E-01 -1.278959E-02  2.514901E-03 -3.819502E-06
         3   5  3.959611E+00  1.543805E+00  1.540703E+00  1.263778E-02 -2.485050E-03 -3.774166E-06
         3   6  1.611032E+00 -8.768126E-01 -8.792188E-01  1.278959E-02 -2.514901E-03 -3.819502E-06
         3   7  3.959611E+00  1.543805E+00  1.540703E+00 -1.263778E-02 -2.485050E-03  3.774166E-06
         3   8  1.611032E+00 -8.768126E-01 -8.792188E-01 -1.278959E-02 -2.514901E-03  3.819502E-06
         4   1  3.117544E+00  5.000701E-01  4.981367E-01  3.370680E-03  6.457804E-04  2.564120E-07
         4   2  2.504831E+00 -1.320591E-01 -1.335241E-01  3.381205E-03  6.477968E-04  2.572126E-07
         4   3  3.117544E+00  5.000701E-01  4.981367E-01 -3.370680E-03  6.457804E-04 -2.564120E-07
         4   4  2.504831E+00 -1.320591E-01 -1.335241E-01 -3.381205E-03  6.477968E-04 -2.572126E-07
         4   5  3.117544E+00  5.000701E-01  4.981367E-01  3.370680E-03 -6.457804E-04 -2.564120E-07
         4   6  2.504831E+00 -1.320591E-01 -1.335241E-01  3.381205E-03 -6.477968E-04 -2.572126E-07
         4   7  3.117544E+00  5.000701E-01  4.981367E-01 -3.370680E-03 -6.457804E-04  2.564120E-07
         4   8  2.504831E+00 -1.320591E-01 -1.335241E-01 -3.381205E-03 -6.477968E-04  2.572126E-07

 strains (elem, integ.pnt.,exx,eyy,ezz,exy,exz,eyz) for set ALL and time  0.1000000E+01

         1   1  4.478546E-02 -7.673434E-03 -7.909884E-03  5.220789E-03  1.076203E-03  1.830430E-17
         1   2  4.478546E-02 -2.833514E-02 -2.919857E-02  5.110063E-03  1.052666E-03  6.467571E-17
         1   3  4.478546E-02 -7.673434E-03 -7.909884E-03 -5.220789E-03  1.076203E-03  1.090691E-18
         1   4  4.478546E-02 -2.833514E-02 -2.919857E-02 -5.110063E-03  1.052666E-03  9.075564E-18
         1   5  4.478546E-02 -7.673434E-03 -7.909884E-03  5.220789E-03 -1.076203E-03  1.968902E-17
         1   6  4.478546E-02 -2.833514E-02 -2.919857E-02  5.110063E-03 -1.052666E-03  7.140895E-17
         1   7  4.478546E-02 -7.673434E-03 -7.909884E-03 -5.220789E-03 -1.076203E-03  2.045072E-18
         1   8  4.478546E-02 -2.833514E-02 -2.919857E-02 -5.110063E-03 -1.052666E-03  1.601922E-17
         2   1  1.050518E-01 -3.894983E-02 -3.985787E-02  2.156480E-03  4.070695E-04  7.183786E-17
         2   2  1.050518E-01 -4.753540E-02 -4.796325E-02  2.136306E-03  4.034683E-04  2.833056E-17
         2   3  1.050518E-01 -3.894983E-02 -3.985787E-02 -2.156480E-03  4.070695E-04 -1.395015E-17
         2   4  1.050518E-01 -4.753540E-02 -4.796325E-02 -2.136306E-03  4.034683E-04 -8.594604E-17
         2   5  1.050518E-01 -3.894983E-02 -3.985787E-02  2.156480E-03 -4.070695E-04  7.693348E-17
         2   6  1.050518E-01 -4.753540E-02 -4.796325E-02  2.136306E-03 -4.034683E-04  2.787955E-17
         2   7  1.050518E-01 -3.894983E-02 -3.985787E-02 -2.156480E-03 -4.070695E-04 -7.813611E-18
         2   8  1.050518E-01 -4.753540E-02 -4.796325E-02 -2.136306E-03 -4.034683E-04 -7.737248E-17
         3   1  1.314974E-01 -5.184147E-02 -5.207550E-02  8.079546E-04  1.588319E-04  5.230188E-18
         3   2  1.314974E-01 -5.506747E-02 -5.524651E-02  8.050414E-04  1.582687E-04 -3.933936E-18
         3   3  1.314974E-01 -5.184147E-02 -5.207550E-02 -8.079546E-04  1.588319E-04 -7.211337E-17
         3   4  1.314974E-01 -5.506747E-02 -5.524651E-02 -8.050414E-04  1.582687E-04  6.472661E-18
         3   5  1.314974E-01 -5.184147E-02 -5.207550E-02  8.079546E-04 -1.588319E-04  7.590853E-18
         3   6  1.314974E-01 -5.506747E-02 -5.524651E-02  8.050414E-04 -1.582687E-04  9.283441E-18
         3   7  1.314974E-01 -5.184147E-02 -5.207550E-02 -8.079546E-04 -1.588319E-04 -7.842615E-17
         3   8  1.314974E-01 -5.506747E-02 -5.524651E-02 -8.050414E-04 -1.582687E-04  1.705639E-17
         4   1  1.411236E-01 -5.655537E-02 -5.670129E-02  2.117113E-04  4.055458E-05 -3.739256E-18
         4   2  1.411236E-01 -5.740181E-02 -5.751201E-02  2.115092E-04  4.051748E-05  2.915766E-17
         4   3  1.411236E-01 -5.655537E-02 -5.670129E-02 -2.117113E-04  4.055458E-05  1.913216E-17
         4   4  1.411236E-01 -5.740181E-02 -5.751201E-02 -2.115092E-04  4.051748E-05 -8.202437E-18
         4   5  1.411236E-01 -5.655537E-02 -5.670129E-02  2.117113E-04 -4.055458E-05  6.878942E-18
         4   6  1.411236E-01 -5.740181E-02 -5.751201E-02  2.115092E-04 -4.051748E-05  2.576807E-17
         4   7  1.411236E-01 -5.655537E-02 -5.670129E-02 -2.117113E-04 -4.055458E-05  2.341984E-17
         4   8  1.411236E-01 -5.740181E-02 -5.751201E-02 -2.115092E-04 -4.051748E-05 -3.370204E-17
